3000
450 3180
4164 3124
852 270
1421 2239
2420 304
170 4557
427 380
2107 4053
1778 3085
1278 2694
2912 4996
1858 4305
2710 1003
879 4396
84 3389
4978 508
820 4663
1509 3732
1834 4510
3331 1144
886 4197
2268 1490
4018 1017
1271 3299
1025 2643
2616 519
168 4194
1590 3224
4279 4620
4471 4360
3025 1818
4537 2151
3645 1273
4393 3417
136 112
1113 2294
3902 915
2322 1490
1898 4423
3328 1879
4955 4399
1641 396
841 3078
352 4116
704 4157
2034 769
1545 1493
1304 1173
2577 3589
304 2798
4004 2009
2566 4553
851 826
439 3405
3557 3344
893 1698
2628 2172
2700 3762
2015 3875
2144 122
542 3358
930 109
3795 1422
228 392
3857 3666
3415 2628
2284 3694
4664 338
3613 376
329 3791
1318 1002
2419 4738
4670 91
1538 1862
1725 853
468 2640
3551 626
4736 3290
3860 2613
4539 813
3179 4038
1703 2401
1 2687
1107 1368
831 3257
4538 1316
4997 2021
16 1627
295 2001
159 3966
466 3997
1601 3672
1112 2320
2135 3626
4820 703
4950 2247
3368 610
107 3509
4605 597
4639 3477
1133 2526
3690 1679
4991 1680
2419 1568
1063 2136
1893 3997
417 4291
2226 817
1875 1758
4113 1776
4296 3582
3074 2186
424 3495
663 3903
3504 23
2703 3041
4807 2640
948 3780
4565 1744
656 2209
2690 737
1592 66
1360 3176
3882 1539
2672 912
1858 2844
2758 3448
4758 1783
1261 746
2579 1060
3581 3615
2262 4836
380 3997
1871 1868
1505 4594
834 3713
3286 1492
2863 3591
3062 2967
2292 3963
2004 3756
2706 3926
344 4009
2759 1176
3556 4277
2176 1294
2491 4238
1825 3382
4645 2815
2049 4944
4746 746
1358 3475
1004 218
2971 2236
4697 3774
525 2467
1546 2923
2184 1533
3607 2527
1816 4299
3844 3409
3717 963
1281 3168
3946 4525
4384 1604
2346 1102
3976 1245
3098 4514
4900 3429
3490 1460
1138 2012
1859 683
816 4778
3964 2766
2684 4768
4323 2768
2117 3859
3192 3203
3495 1085
2966 2028
2670 1354
2976 1440
4205 1844
425 668
823 3694
2446 4849
1805 3280
2106 2800
1744 4225
3051 545
4191 3610
1420 1444
4431 1730
183 1975
3042 926
4144 986
2346 3217
2870 624
2750 847
4429 3604
570 88
4200 4774
2638 1699
4499 1591
2253 2140
2903 1307
3538 598
3634 3840
3715 4278
2837 101
1194 1613
2320 157
3525 4314
81 832
2333 3427
2852 1185
2181 4064
971 1228
4078 1607
1038 2844
1659 977
4033 444
1448 2380
1957 4599
2326 3397
3993 4197
1155 467
2989 2188
1318 2899
1530 3086
1975 4369
1246 583
3418 4665
4621 2584
3890 3671
3476 564
3509 4982
2862 4417
4200 4193
4263 898
3590 1149
1686 4230
2762 3447
2637 1874
3007 4043
4946 2107
4224 3968
1079 2671
3998 3813
1848 3424
4570 2049
3921 1117
3166 3970
1306 4770
1384 2976
2144 609
1960 4399
4417 949
3538 447
4468 915
14 1363
795 376
631 386
3328 356
1251 2478
1596 4720
50 3362
1357 1810
3603 2847
2498 2631
1322 4835
100 3610
935 2448
2147 2422
3190 4027
3874 1468
4375 2504
4321 2779
3842 1094
3761 2090
4130 799
862 1023
117 569
4046 1659
2763 3565
2556 2408
4585 330
2991 3385
1497 539
2037 3038
3636 2795
4204 1568
4180 4855
2668 4883
2536 2204
4874 4408
2515 2856
3543 4052
260 4567
2232 3797
3851 1309
716 3976
794 1952
3253 2730
1674 770
279 3542
163 1733
775 2347
1253 3725
964 1848
2738 2114
4371 3597
3173 1408
3577 4734
187 283
1307 4168
3069 401
3937 2574
2714 2028
3646 4641
4690 3475
1909 1419
769 2483
4837 1394
4698 1673
754 3375
4524 4867
1671 2744
2622 423
3600 2500
2962 3063
4642 3851
221 3822
3333 2942
4302 148
1050 966
3806 4321
1872 2178
2453 282
2583 3777
681 1382
1125 1126
504 645
3283 4374
4623 4252
1600 637
2691 4855
3635 3119
3175 3642
2775 3622
34 2710
2845 3120
283 2229
2090 3832
638 200
1139 722
1849 3679
753 4285
517 3701
3274 3495
4752 943
2296 4570
1538 2306
4530 1605
1697 3480
1231 1827
763 4946
3331 332
2316 4952
3089 1857
112 3583
1161 929
3665 1135
2331 2985
237 827
4254 3734
1440 3410
1717 4012
69 2996
4433 4655
3467 726
3417 2127
4081 1238
135 1905
3138 4101
2550 3693
2632 4529
2177 1234
4114 2139
825 4113
3511 3476
3609 3458
2207 4231
4155 4164
3707 1196
3106 2662
1890 4034
1223 4912
1152 2964
4098 892
2656 1520
741 2421
3633 3939
1151 469
3323 2047
2999 4387
3452 169
393 1201
752 788
3344 3516
1744 1059
4222 1316
207 342
3826 2796
3740 2980
1674 3386
3488 2177
1760 1199
2056 3384
2597 3943
2365 3571
1899 3004
24 1611
1276 2649
1271 2354
1178 3688
4542 1458
3614 2697
3858 2207
3887 291
3803 294
406 3846
3777 191
1959 4940
1416 2011
257 3700
4438 2799
1353 1597
2894 852
1518 493
2068 465
2633 4051
1976 3995
2660 3497
4229 4365
270 4351
1935 2184
347 3374
3067 4484
3433 1010
590 1496
4055 662
154 1472
3431 364
1442 4193
3748 186
3343 3177
1972 2867
4606 1933
4731 2162
4117 1064
1968 218
3823 2405
4175 4755
2731 2592
2122 3264
3641 3543
2076 4038
4204 4925
3730 348
2563 870
3316 2968
2509 1888
3712 1347
485 2262
2975 1767
2125 380
4262 3263
924 570
1305 1740
922 1262
3105 4874
2189 3935
3197 2540
3446 4859
147 2931
2409 4944
3339 729
1439 1432
3025 2500
786 4646
2797 3174
751 1663
388 2009
1555 702
812 3280
3432 4174
2864 1556
4112 2943
4530 4382
2992 112
1296 1687
1832 4610
2484 2361
498 2951
847 4860
2449 4755
1893 4288
4497 2829
1562 2923
1617 4345
3942 268
1482 372
4329 154
978 3397
2562 1310
344 4996
3099 1625
204 1951
851 1803
3358 2742
17 1830
334 826
4231 964
81 4778
490 2567
4358 3738
70 1488
1445 1672
1385 143
2294 3429
585 3312
3963 4612
4292 4224
2303 128
1003 2728
3075 3280
854 51
4694 465
4581 2491
1916 3166
412 242
1283 1290
1965 2144
3900 3994
3901 4762
3672 801
3853 3168
1085 1866
3975 1795
924 3786
2255 4079
2596 2520
1448 3484
2451 2072
2005 186
1666 872
1534 3758
1266 4290
4016 542
4960 4112
4804 3072
2783 2030
3621 1125
187 3659
3184 2000
668 2868
2140 2181
3431 525
544 4247
114 3031
4960 1515
4353 1861
2123 4351
3619 3824
3556 1703
2879 2289
4267 1583
1761 3320
498 2388
1967 1498
3439 816
3608 1248
2448 1400
3229 4810
497 2470
3342 1056
1618 4211
1632 3362
2999 3906
770 1451
2007 3600
2710 1793
1821 3525
1428 2632
644 260
3465 136
2391 794
1320 641
1107 2709
871 1399
759 3629
3870 4122
4816 1430
4468 4955
3802 17
4182 2395
989 3440
1499 2448
2460 2181
4443 4361
3727 353
889 539
1687 1795
4735 2093
131 4470
1187 2769
3089 2039
4723 4601
2412 4479
4469 2487
1759 2822
3648 3999
1071 1933
3633 249
735 190
1335 2000
667 3893
1993 2653
1706 3532
2758 1843
1622 3098
1545 15
2485 3857
595 2518
3621 1736
3408 1989
3598 4472
194 919
2699 4894
2445 4827
1146 2922
4347 242
1573 2847
4898 4115
1750 2280
2773 4428
2195 1662
1100 1778
2935 4449
3664 1846
2711 4991
3627 4295
997 4105
1348 3570
360 1272
4377 3709
3831 4755
2142 2754
3940 2440
1811 1392
2558 3021
2077 3416
4019 3458
3993 1091
2065 1113
3164 3475
1029 2740
3597 2477
4174 1506
4478 3647
503 4496
2860 2167
855 609
1078 2958
20 2230
2033 98
61 2975
2967 3882
3919 4563
1419 4054
4073 1859
2052 277
3346 4260
4588 535
1133 1309
2128 619
3021 3759
738 989
2762 4149
1262 827
653 944
4151 4682
2441 3292
4036 3433
2681 1051
4042 3242
2090 1637
578 4637
1404 3572
4938 2192
1259 2312
486 535
2362 2778
1726 2505
2889 94
238 4185
4367 2923
1921 2578
1418 4925
1917 2425
4099 3660
1191 1062
2017 2284
150 3970
1893 4299
1656 1011
4924 4715
3758 1782
681 2013
1209 3207
3839 1902
1314 4967
1242 4911
1270 2043
695 2265
733 3574
2920 509
3279 1193
4046 2201
2726 381
2735 3458
1002 1759
925 2019
354 2229
637 274
4473 1652
3711 345
3991 1850
4291 1843
2276 4842
4522 4654
4242 4297
787 3214
4737 4687
1911 3962
135 1380
3900 4087
4563 277
921 1235
1866 2779
1918 2792
37 4028
1541 2692
3868 1669
1019 1522
1637 4816
428 2319
3417 2903
2248 3019
4635 1008
3585 4759
4310 3546
2706 194
2639 2852
2320 2973
509 1696
3044 1697
1691 1516
3119 2635
310 2751
3914 529
2683 1334
3190 524
754 2316
2341 2154
2279 2180
3860 3343
3294 4876
3924 2848
591 2173
3773 2046
219 1460
2423 1906
4185 1508
2643 959
3709 3441
2097 3986
2996 1032
1076 2137
1884 3055
782 1266
46 3588
2006 1919
1020 3006
939 1159
1804 4300
2178 2092
3066 4470
4730 3600
2561 4545
443 26
4034 3788
1538 1328
4503 3651
2354 381
224 1239
2743 2346
2452 1745
4289 15
3552 3992
4907 2788
3334 465
1360 1327
3148 741
3837 1413
388 1072
327 6
3639 3754
4720 1379
4823 244
64 2694
1187 1852
1464 3703
1063 1816
962 4923
4288 2735
2914 1928
3851 1860
3877 3591
3311 1984
4519 2795
4526 3992
862 1241
1570 2448
3332 2058
66 500
850 1968
723 2285
2290 4980
47 1719
3845 4799
4413 4725
3244 4703
3270 166
273 3286
502 1175
3580 784
2835 1822
2172 4612
1656 4594
4229 130
264 560
3530 1829
2397 4671
1475 2195
2816 399
3243 3438
576 2413
3707 4300
242 2694
3621 1133
3852 4428
4938 4570
563 882
4001 3818
3024 78
562 102
3432 3737
4141 2275
54 4223
3713 4533
139 1218
3099 550
3933 1061
4753 940
898 1774
2892 1134
4263 3526
1378 1059
573 1393
132 3770
2763 1606
2094 4628
729 4283
2112 831
1417 1389
4405 2300
2114 4567
2687 3036
1360 2327
3136 3033
3730 3787
2865 4576
3215 2953
4969 1386
2724 338
2458 1624
957 1915
1119 77
3281 3966
2674 2225
849 697
4966 2613
4739 4756
328 1703
2429 3892
2270 3997
2114 896
889 1354
2374 4497
2614 459
1854 3130
4580 1058
4673 1010
4971 679
117 2950
3963 2497
1922 2851
4167 359
4072 1349
627 2046
440 309
704 1399
4784 4034
4532 2544
1428 1441
465 3436
1721 1165
1560 4025
265 1078
1674 4278
112 2653
3866 2380
1831 1800
3963 2657
1509 4725
2201 2952
4825 4650
4402 2917
1382 3494
4612 2696
1885 2327
2516 1328
4383 837
2966 1634
1056 1717
748 511
3509 1940
2430 4453
273 4985
1640 2718
4009 2019
578 1704
4140 3162
224 3436
886 668
3717 4310
3127 1094
4297 4057
2067 4629
4112 1500
1382 4774
1032 3351
1038 621
796 1744
3061 1057
3982 1827
4627 767
2058 854
2535 640
2758 2601
39 4406
3920 1131
3939 3302
3182 1186
2920 2161
3055 3815
4620 1889
2232 1960
4526 2293
3415 2541
2149 2207
448 818
2999 2745
3739 3967
3123 1987
3041 59
2918 318
852 4902
984 4222
581 1784
1059 3595
3742 2375
2267 1519
2760 389
3387 4793
3749 713
722 4236
2831 2189
1839 3858
1084 15
3332 4088
3330 4575
2236 1175
1993 4581
4003 541
4336 1963
722 2987
1048 923
3456 699
2575 2508
3245 1945
1150 1400
1540 2348
3424 4773
1873 792
3014 1502
683 3185
4817 283
2798 4240
4671 278
24 1541
472 4955
1537 3456
607 1882
3062 3029
4739 4307
4406 4556
126 4603
3637 4132
2151 2767
2550 1943
620 1597
4535 3398
4351 2712
581 199
3344 1745
3929 2997
97 4716
528 2123
1620 3119
1177 1958
4337 1185
3024 4109
40 3329
3177 2626
1469 1988
500 4414
3349 296
2873 2297
3438 3904
3001 26
3836 4786
727 3154
3736 1937
2442 2533
1107 1166
2151 3010
4930 4990
3405 4417
3720 2716
4446 585
587 1689
2712 3547
3569 3596
1321 4645
2402 3151
3982 4843
829 232
997 2768
1159 1624
3766 167
3367 4641
488 4286
3586 2466
2878 3421
3816 30
93 3055
3764 2623
4104 1505
2261 2194
2905 4314
1916 4070
2734 3509
2445 2929
2085 962
1186 2403
598 128
3823 4749
1639 4813
4578 2837
4386 1327
3244 4411
4880 988
2184 964
4148 3792
4538 4926
704 4725
4045 1430
3429 267
2298 2229
2973 1401
437 1435
483 1292
93 2334
3446 4571
898 2057
2532 3047
392 8
1012 392
3145 4936
3441 1631
3418 1745
3353 4291
2848 3223
3305 630
484 213
87 846
1007 1555
4941 4808
330 656
1655 2428
2597 4810
2188 71
4632 438
349 608
3170 4436
1972 4446
1686 3391
3120 271
4497 4822
3159 1895
2411 1685
4443 577
4544 2003
2430 2167
1333 3318
4435 2091
780 1426
3528 1630
1230 2277
999 450
2823 2236
4159 3132
3022 960
2954 177
2274 478
2982 3578
2906 4788
2131 3695
3209 53
44 3946
690 3048
22 3517
2804 3997
4793 2678
4153 2888
222 1316
4200 3985
1116 1484
393 828
1553 966
3685 37
1163 4366
4462 608
2933 3971
2441 3571
2052 2578
690 238
3751 1484
3959 3177
377 1346
2887 2062
1786 4680
372 4784
4679 1062
483 1160
4998 532
2771 2993
4484 1270
3067 3961
2581 3708
2679 1717
948 2956
708 1317
591 1531
2062 3079
3495 4043
3194 1062
3915 147
1673 1545
3530 3071
2210 2216
2195 455
552 2411
3403 803
580 302
852 831
2076 1748
2384 3363
3209 338
2893 1780
4559 545
2077 4545
244 652
4243 1969
3943 3026
1883 4247
4097 4648
1128 2935
570 4847
4061 4507
1820 3284
4945 3862
3265 2812
4253 3087
630 1554
4062 747
116 1263
684 3178
2031 3893
1297 1565
1871 660
2640 1730
1322 367
68 2016
653 4077
3002 384
1793 3168
3211 748
1341 3954
3341 4284
4666 3395
4947 3955
3745 4996
1444 2091
1500 1896
4739 1032
3665 88
3556 3671
4020 2270
4514 4634
2395 2982
2797 3098
2481 362
3649 52
1177 3338
4695 2837
3411 4155
4188 4651
1948 312
1849 2311
255 2278
3742 995
2186 4617
1703 2217
4566 2610
3878 4012
1335 1420
232 1024
4173 3049
4442 242
686 4070
1459 4643
4525 916
17 4190
4788 149
2583 4775
2538 1013
208 1515
796 4223
1994 3573
4050 3620
281 2024
3712 2577
4788 2261
2244 3356
2184 1013
1451 3474
3454 4147
2028 3788
3093 3873
3811 2831
4241 2576
1606 919
3788 2280
2984 4144
1778 2591
1110 4803
4482 4833
3173 2052
103 2223
2639 330
3580 4573
2526 2060
2916 4817
606 2352
333 3159
524 1189
3340 1939
2070 572
8 299
3579 3665
3597 4624
1550 1720
3113 1367
3414 1589
4172 2625
1291 2206
4304 1874
2418 3014
655 2476
2083 922
3521 1194
1942 1224
1943 88
1361 1616
1879 4324
794 3519
1767 1816
4843 2253
3380 512
2695 820
2106 1750
1479 1597
604 1580
3028 4246
4147 1147
279 4052
3588 1826
1480 1448
2476 1484
3849 1291
2788 2478
2629 4224
918 309
1368 285
3913 4833
3642 4265
4651 1365
301 538
1225 3484
3108 2974
4344 2620
3512 3922
2282 451
3553 1608
3547 1603
2445 2569
1526 567
2065 3929
1608 1458
593 913
45 830
3039 3063
2142 1892
307 2293
2169 1221
3343 1030
2234 3910
4653 469
4363 2233
354 4745
4327 4286
2977 4085
2196 1330
2392 3015
3711 4470
45 1480
437 3188
2727 4386
1149 2698
4382 4238
4925 4248
4566 3161
603 3537
3788 2733
1086 1485
3984 1038
2087 4718
3764 144
4159 4180
2507 1874
1477 3122
2699 1117
2830 4433
3906 3031
431 2082
799 3263
3669 3557
3459 1171
3921 4500
4305 4958
4265 2145
1808 4824
3333 3613
320 3806
3437 4760
2959 1518
2258 3912
894 3097
913 4131
712 2838
857 747
610 1699
2682 1124
1520 674
66 3646
1995 3020
2648 1430
394 133
2436 2490
2767 2091
3294 3151
577 4057
3840 2757
3799 836
3258 3917
4276 4572
9 185
733 1845
3168 419
3622 1123
4325 1437
4826 448
517 813
1642 3040
3435 3178
3373 504
2397 3779
4134 3829
4866 2021
155 3005
1770 670
2174 3641
4850 2940
2162 4496
1834 1787
2262 4625
4749 4942
3606 3698
3851 2060
3733 3197
3603 103
1818 489
143 1952
2207 4791
2666 997
2949 1587
686 1160
4105 1927
3348 1246
318 2698
3469 3390
4006 2359
2902 2678
367 2924
3841 395
4598 2841
3576 2141
2367 2709
2099 339
2720 2863
3407 2807
3291 295
4241 3069
3052 2017
2340 1017
4962 1299
1369 3284
4458 2848
1147 4622
3982 3473
106 2628
4986 4618
3165 2772
3323 4466
4325 1965
3980 1148
2663 1286
2236 1374
1845 3973
2539 3672
2598 912
44 4286
2855 1685
913 78
4595 1715
144 512
3306 879
4366 1251
3882 2765
2932 2358
1835 2325
3982 4649
4185 3693
3445 2212
2791 1903
2271 2429
1434 2036
296 996
3708 2193
1448 2191
447 1436
1887 8
3189 3757
2732 4295
2350 4765
1399 2096
1249 3497
1516 3770
2670 3471
3281 346
1146 4746
193 2209
2167 3213
3325 614
4601 4172
2969 4136
3618 4538
4203 1822
934 2178
4694 580
1770 1459
3224 858
541 4376
3489 4119
2618 3060
1797 249
3193 940
3880 1475
3360 3320
3275 427
4006 425
2672 1308
929 3836
534 2336
4534 240
4537 4368
3876 2393
2936 4777
741 1956
696 2315
4050 290
2884 2042
3726 196
1708 2497
2808 510
2377 2854
1626 3594
138 2619
1198 3889
3891 4131
70 4163
4531 380
3656 2805
1636 654
4113 4011
4436 3707
1660 3930
3300 3104
600 2629
4423 1988
1084 2422
1815 3698
1904 2948
2249 4916
423 1675
3851 2195
662 755
1316 272
4488 2702
4650 1596
1598 2639
376 1450
390 2873
2267 844
4080 2512
411 4946
1656 1916
2201 205
70 1589
1382 3315
2700 3104
2965 4803
647 590
1026 2963
1446 1603
826 4084
3733 699
2663 494
4908 842
1136 846
4336 1567
4738 3768
1030 2067
62 4811
1695 3621
1923 2589
4245 3813
877 1758
3833 4426
2186 662
2902 3046
2804 3503
680 2221
2529 2164
4955 1630
221 772
3457 164
1920 3144
1122 2567
3931 962
4573 288
4588 2685
3289 1731
2618 4765
4648 181
656 3698
447 3135
2133 990
369 1662
997 810
1954 862
4515 820
3850 2798
2697 4291
1143 4432
2544 2883
1749 3658
1743 2495
399 2741
1392 435
4243 1792
2850 2562
4717 33
1111 4147
2780 622
3526 2238
2052 3468
772 1683
3694 1337
1922 1364
1560 694
580 262
2036 638
2203 977
1582 750
315 3388
410 1780
2002 765
2879 4918
1941 3832
1920 3220
1087 3488
4521 3409
3363 4696
4834 1501
4854 982
4598 273
1073 3555
4252 1247
865 4752
891 3536
1075 2188
2292 402
1983 208
123 324
4735 3980
4016 3225
1182 4284
4039 1136
3731 1945
3713 1387
2966 3656
2239 4207
3531 2888
4704 927
3222 2325
470 4645
3649 4525
835 275
4374 2795
3337 3605
2776 4239
53 3240
4734 3063
2392 4423
4679 136
2181 1191
4546 1266
2365 3889
3111 3583
4140 3712
357 3754
2103 2005
3069 3153
1544 889
678 2767
2153 2092
3860 1689
3397 4780
1427 2789
2132 2956
1882 3948
4082 4949
1842 4398
549 1599
2100 437
1366 822
2042 114
3074 3265
405 1421
4175 1725
4223 2749
1410 3681
514 491
3744 647
1328 1605
4414 3317
211 1359
3741 2494
560 965
852 3360
2199 3765
1853 2642
2177 1150
2153 2822
2446 2875
3206 1411
467 3224
4422 3745
3648 3083
879 2636
1713 2766
1177 3328
4955 2785
4018 1459
416 65
1407 3357
303 2212
1421 3295
1481 4719
4672 1056
2336 2668
493 1000
2157 688
4341 2932
47 2751
3128 3103
2193 1496
4861 2137
4150 1649
2979 3181
3484 2434
1696 2195
3549 3475
3804 4322
534 3401
1507 1321
4206 1841
682 2539
527 481
2829 3139
4394 2581
556 4711
2569 806
3322 676
3947 3870
4234 4881
451 691
1859 1055
2925 3395
4926 3238
2250 1370
1062 2511
4753 95
2499 3582
4709 3130
715 4374
454 2908
807 2008
4009 1661
4165 4213
2886 695
1490 4792
4285 2366
4578 302
2146 2569
1053 3193
3186 1996
2464 1927
2661 1073
2626 3479
1534 460
1887 4080
4533 4764
1603 3598
2981 3141
2017 1572
2953 839
468 2026
1613 1092
994 3395
2731 3917
4051 4777
2933 3320
3965 1987
2576 401
301 189
1121 588
230 2103
1703 1941
1959 4741
1375 3632
337 48
1619 626
2541 4670
2837 78
2249 2451
4533 3237
4797 1574
3802 3635
4834 3156
4119 906
4106 2774
2185 3505
4054 3199
3648 4105
3218 2527
861 3896
2071 3699
1785 4995
302 2162
672 4393
1202 1242
2400 3065
4728 181
2536 1103
2685 892
664 2295
2668 3907
1670 1680
2638 197
247 1862
645 721
4890 3277
14 1370
4328 232
561 327
76 2399
3535 3608
1322 4290
4720 3506
736 110
4725 2206
1625 2418
685 4623
4890 2652
2716 3371
2513 4747
1675 1869
4526 1513
1282 4742
1416 3635
826 119
2554 3398
2689 2174
1394 842
2708 4071
33 4365
2152 2737
4877 2990
4837 1693
4461 1671
103 4453
4833 4686
3081 2128
3718 2219
21 2303
1572 3464
1279 2271
575 922
2001 3774
4817 3437
4055 3892
624 314
3939 4912
2703 4869
1119 1698
109 3236
3930 3793
227 1238
1229 2941
4340 3305
4013 526
2515 3057
2942 3496
3955 4243
3885 1121
3686 1335
968 3645
3944 4299
3038 4565
1213 1424
4980 2956
137 2378
4613 2629
852 646
527 4534
3852 1712
555 828
2984 289
4018 2128
4624 3317
1712 540
3464 2973
4933 3850
2680 2957
1196 3177
570 4866
1930 4085
1764 1261
4602 2728
1684 4552
3650 4627
4192 1565
2237 1554
2779 4486
4740 124
664 4265
2812 656
4335 4114
127 2735
2015 1478
1808 4978
3080 4310
253 4725
1023 1536
82 1369
2319 4029
1957 3708
2661 3095
3562 4793
1957 3053
4949 2375
4926 1284
1970 4602
588 4337
459 3107
2273 2136
3350 2395
3122 561
3916 1248
3265 1932
1969 4118
1869 3281
4526 4153
819 4495
4923 1828
776 3760
166 3859
3995 130
3844 20
3984 14
3358 1868
2299 1687
2367 452
775 2068
2803 1398
2740 4617
4319 4160
1314 2869
3292 2107
1263 678
2560 1185
678 793
4532 3003
2125 4629
2799 2556
1995 3720
1584 2967
3398 4169
4062 2389
2255 2085
1059 4558
692 3838
340 393
2116 3149
3100 2687
4254 1882
2703 675
2989 791
3360 2246
3765 2003
1334 2686
1395 3957
61 2334
4347 2399
4953 1098
4421 1438
724 576
1643 1100
211 508
1879 651
1399 284
2370 40
4900 2522
136 3194
4285 4940
4886 1787
2077 4713
502 2321
1726 1432
4185 1497
68 3990
4735 4198
1461 3173
712 1194
4448 4650
302 1670
3832 3076
2974 3179
1516 2409
2672 3815
4742 228
4669 3801
3215 4011
2966 2173
2008 4840
1599 176
3475 210
2755 406
2331 4165
1895 3244
2607 2204
261 2153
950 3562
3542 3698
4788 3954
1551 9
1063 3604
1147 695
3441 956
2721 1291
3535 2770
4257 2534
2547 1124
1220 305
4998 1157
4427 2650
4050 1569
1532 746
1173 3802
951 2148
1278 2596
1557 1908
3436 468
4192 946
2808 2560
3003 219
40 1214
1970 1242
2123 156
1345 1768
842 4523
606 2279
2223 175
2361 19
2294 3400
4632 3421
4858 1566
2465 2027
4391 3259
227 2359
3948 81
985 2318
1291 3789
1546 3118
2826 3723
2339 1857
4126 2824
3510 3755
1022 939
4576 2047
2425 3423
958 2211
3080 3804
3141 535
976 3231
1610 3725
3601 401
2366 2721
1529 1177
785 4240
2967 752
4614 4045
4116 2771
335 1431
3733 503
3061 520
2803 3352
3007 3903
3451 3617
3343 2211
4010 2733
2359 1452
2507 3283
4695 2404
1970 4105
1009 431
4792 1320
1303 48
3521 3214
3098 2870
2133 1159
138 4794
2540 2497
3676 1364
2726 2709
3576 2727
818 1677
1625 3497
4650 696
4351 3406
610 2053
280 294
85 3411
1985 1107
1192 4744
1465 4432
2408 4738
2356 3499
2174 1826
3743 3119
2902 1914
1878 323
1556 2696
4280 4917
4873 1749
1688 3336
277 2487
4111 4350
3769 3732
56 3817
1902 1674
855 288
444 2900
1370 3952
2576 577
4270 46
1954 2316
817 1245
3665 321
1614 3060
3617 4820
1520 4690
1669 885
909 3541
2304 2631
1217 2209
1325 339
2353 1965
431 3465
4384 578
304 3050
1734 3972
2976 1331
2283 3024
3125 767
4921 2820
129 3068
3739 3250
4700 2717
2405 4417
3664 4857
301 168
3889 2955
995 3108
2396 4008
2907 362
2595 4023
2236 941
2336 2749
3157 1643
1486 4507
4353 2234
4911 1316
4818 1142
729 1323
2484 4480
2472 944
4648 4784
2193 2597
1565 4634
4395 2105
2624 4521
2180 1371
1029 2292
2789 4395
1592 2255
1312 4316
1631 4347
31 1042
3540 3582
1347 1554
3863 1699
3167 2777
3515 2958
2208 2009
4052 990
4778 1858
1136 3627
4932 335
4112 3099
3253 2879
4579 3563
2109 2154
2947 2721
4309 671
3009 2306
607 946
4723 2877
1466 2622
1000 4306
826 1118
1104 4808
1128 4655
3683 3828
4161 3743
301 2628
2943 4580
2964 292
1400 248
345 1353
3149 2649
4922 2785
907 2591
3080 4990
1508 4303
2638 2832
1281 1590
4482 205
620 3042
4873 2549
1491 1761
1130 3537
4742 2815
2091 4052
3284 2445
2517 2490
3468 967
4369 1633
23 454
4412 2862
2560 4069
2635 4011
4942 3434
1657 3805
3543 1150
4254 300
1290 3817
799 2868
4966 1246
2808 2672
2292 2463
2533 1912
1629 4179
4539 3474
678 923
3746 3375
2576 3034
2919 511
4883 2570
4425 1988
2567 4999
2637 4435
4214 948
4537 2086
3221 2249
2068 3255
4762 1146
3425 1334
1062 2193
1940 1828
4796 3868
4045 1980
2831 4153
4615 4716
3196 3616
4527 155
4018 4108
2129 4983
2492 2838
1564 790
4027 1799
4911 1746
1525 1649
2985 3661
1251 2063
148 3996
1850 3183
4352 2573
1429 2017
2287 759
4978 980
2078 997
4737 4997
740 3297
2686 4808
2970 854
3725 2942
2551 1447
185 291
2352 4791
3472 698
3321 4442
4184 3965
4231 3322
987 2538
4385 555
2227 2995
392 4664
4651 3918
3498 549
3819 3947
2516 3391
3852 1063
1311 1152
741 3208
98 284
1570 2645
1487 4173
2060 3917
1289 993
3277 3607
3245 2366
3991 4293
4901 1595
3893 2282
3804 2239
2995 3744
1083 4763
4069 1294
4322 2900
3340 3322
4894 1475
3378 2719
387 4915
4878 3614
1811 4309
537 3802
1775 432
3523 889
1860 2002
2299 2266
4978 4390
4177 4524
557 4834
3854 842
2131 2510
2360 2291
4698 547
1330 4863
39 185
1689 2064
1182 1096
2748 1933
3583 500
2508 2918
3023 2572
3226 1593
2334 3207
793 3343
3625 527
700 4240
1298 1601
979 3024
3547 4931
3311 4503
1154 4247
371 697
1812 4614
4124 2448
4061 2656
1074 256
2279 3822
3725 3364
2841 3527
2345 681
2306 1116
1761 3569
2307 494
1718 1718
2756 735
4049 3192
2945 4177
4443 1421
4996 337
1994 2403
1158 1072
3556 2627
1618 4457
731 2865
4203 4208
4725 1108
4799 1689
3083 1945
4854 2118
1395 4410
270 97
1594 4459
792 793
1297 2241
3394 4802
1056 2541
2848 2528
4118 2973
127 1689
727 3363
4799 4840
3725 2077
3214 3341
2601 1632
1405 423
134 2684
1164 3712
3253 3740
772 38
4166 4767
4493 2680
1848 2636
3913 4311
3552 2284
122 2261
150 1025
3599 4203
645 4565
3929 2094
669 4591
4402 2480
329 3850
2802 3981
3848 1408
3907 2446
2125 2887
1424 2386
3101 4560
1278 2909
1765 2072
3721 1667
2168 1097
853 4171
1304 43
4477 489
2853 1905
3838 1362
772 184
1448 2259
556 2993
2087 4321
4592 2944
3876 1314
3634 4497
4377 1019
2718 3109
3176 4654
2042 3075
2973 4112
1786 613
4301 2756
2945 2507
3619 3903
2779 732
2719 1168
1202 4220
3128 1411
1460 795
551 4737
1643 4469
1889 1100
4403 996
2691 190
4978 333
4546 3104
2478 2550
3435 823
1057 834
259 2426
4994 1515
44 3517
3600 1555
2626 1538
924 1632
3457 2382
3565 3721
4059 3953
1838 2396
3655 1359
3284 1005
3344 1967
1116 323
2947 3068
2580 4803
4839 1817
2250 331
1599 13
2651 2020
179 2845
3673 4745
3216 682
2312 3385
3637 54
3624 3518
3114 2645
2848 932
2131 4992
4475 4844
1105 1683
3428 412
4143 157
571 398
3238 1787
1897 2791
2993 646
3811 2487
3274 3656
785 4387
587 2097
2604 639
2582 4466
3421 3076
711 281
4046 2892
2623 2748
4970 4280
3109 4133
3636 3565
3091 958
2217 3686
3804 712
2740 3664
4378 4541
1505 4671
4964 3692
4303 3703
2002 3668
3725 4720
2320 2458
901 1134
3392 203
4949 1788
280 2900
2213 421
4405 497
4785 1915
3157 942
3405 3761
3437 3068
2712 366
1100 752
2993 4375
1975 3639
4096 3476
735 4887
4756 3428
2198 977
4290 4119
3004 197
2962 2108
946 2894
4206 3247
2082 4542
1104 3807
160 4076
4586 1307
3414 1826
4177 1696
1443 2389
1258 1494
2352 941
3690 3250
4905 1605
2874 3847
2977 3748
1404 867
3734 3207
939 1856
170 2688
4322 318
519 4646
1613 1738
95 2161
3328 1992
1693 4561
603 64
3715 3116
736 682
4248 1503
3694 3688
3378 1137
1060 3518
4423 4376
2189 3612
754 3155
2783 2976
2054 4552
2746 3
2058 875
1144 562
2054 4882
4941 2694
2863 3503
306 4533
2868 3007
3883 658
1613 1716
2199 578
1348 1573
369 2706
2848 1805
3747 3180
3060 2447
107 60
4579 3420
4605 4411
1621 3327
4228 2356
4787 817
1613 4576
172 2014
4128 33
3736 4382
3506 2479
1301 2977
4987 3255
4237 4566
3312 1446
1950 1399
4789 1692
1981 4730
383 642
225 2735
4760 1144
2200 3074
2541 3577
4030 567
213 2350
1242 942
4336 4905
2060 1511
4052 3403
2984 716
515 1554
3157 2797
2759 3905
1966 4877
3281 984
1147 1684
2672 2359
4721 3428
2602 1606
2513 2608
2647 4974
159 2566
3886 370
4853 2918
718 2452
2439 3980
3905 1018
1934 1729
3413 231
1765 3098
4301 3526
3092 2200
2828 706
2472 1088
4885 4142
2776 2370
2125 4721
2875 2842
2032 1984
4631 3514
4613 4512
3172 863
924 1927
2064 3599
3393 2331
4282 460
1384 4441
2486 1617
1422 4911
4702 3015
980 954
4970 3354
2057 1446
3004 3769
4687 4791
1997 40
4947 2171
2347 4596
3619 2182
1272 2528
791 908
3157 4911
2791 3670
4509 820
4203 4844
510 3693
3088 3126
1088 4253
3123 702
1282 1409
1420 1141
4251 3702
1788 1827
290 1358
1935 4323
1315 385
3245 2517
1495 2250
2571 4363
806 1873
1621 2707
4097 849
2199 0
2640 1571
4423 1461
3802 1215
2465 2708
4269 1848
470 2600
1641 263
200 632
830 3751
1109 3234
1211 1557
890 4840
496 688
2572 4223
1466 1271
1813 3390
1361 1293
648 2206
3403 1040
2621 3516
2619 2522
890 2872
1707 3551
3448 3379
1241 4440
2558 1561
142 744
4895 1213
3327 2593
4775 4882
4581 3275
2608 4280
171 2348
2493 3643
1227 2854
4975 1323
2224 3059
4253 4437
1976 2465
3001 4302
2841 4586
2881 3362
382 1790
2802 249
568 1105
1721 4756
4094 823
2700 3499
4237 4131
1437 3144
4234 4595
4336 1713
245 4412
459 4426
2931 843
3032 4493
658 3506
1557 3193
698 1017
3759 1222
980 4855
2714 4786
2751 730
4352 3363
3614 2300
1993 972
3046 4300
232 3110
3416 2155
242 1436
4625 2066
4730 644
4319 2930
3192 3671
3501 4989
1876 71
3213 2916
315 3819
4795 4503
2006 2735
831 2864
4755 4011
3075 1794
3715 652
2326 4660
3177 2554
317 2482
2650 1657
2096 2168
4588 269
1135 3117
4907 785
1452 3842
2917 1182
206 4973
636 4625
691 1682
2709 678
3995 1927
4006 859
2439 1066
1074 239
1396 366
2395 887
1033 3412
1836 1656
423 1460
1415 4904
2879 4981
4493 64
4084 2710
1800 514
687 135
953 3198
749 4844
1927 4927
3927 2617
4569 1197
1693 4081
3348 4985
487 1199
3518 823
4982 2433
1543 2150
1161 3708
2839 2082
1311 2091
3199 1089
1716 2032
3273 447
2957 2120
1669 4377
4864 2296
4536 1779
4426 4361
2841 3556
4194 848
4069 566
3238 4665
729 3151
4819 225
3652 472
2026 3964
3513 1239
4682 3819
2871 1507
4393 3133
4573 2666
2074 4273
9 1835
1780 2910
125 951
3763 2653
2389 4415
1375 3440
3515 2339
4290 1922
1765 4321
3478 1681
2516 2180
4573 4527
413 4136
640 4705
3868 1019
4337 3704
1698 3618
3867 567
3656 1524
787 3312
3106 975
1689 288
3804 3017
3963 4873
1077 2508
1326 3257
1114 2813
2411 3736
1886 2955
4247 1220
1375 2957
2340 3503
3666 975
2663 4481
802 3200
1064 4962
4734 3926
2889 1190
4048 3628
4409 3868
2866 3972
3769 1505
775 2156
3838 4807
4955 3289
1985 4372
465 2776
4671 3178
3651 3457
621 4494
3751 2108
2792 1963
940 2969
1921 437
1815 4565
128 3549
2772 3920
3913 2690
726 3705
1176 0
896 727
3132 3851
3811 3928
4539 164
2030 2221
4177 1370
958 825
2038 4222
1954 3982
2604 436
3807 4590
78 2367
4764 4547
994 3148
283 1228
2726 428
1409 4812
104 296
951 1690
1365 1831
3228 619
2703 4654
1122 1644
879 4129
78 1610
4304 645
562 3422
3634 1483
492 3216
4214 4539
4867 4050
2477 504
3972 3362
1835 1568
4496 4920
4553 4386
2164 4465
1287 2144
3489 1865
766 3898
4631 4178
1401 3262
2931 1076
3309 4199
2868 791
3045 2494
4703 1200
4652 2857
166 1704
2351 3898
3889 4682
4092 1958
3947 3686
1850 3941
2019 2707
990 4971
1136 3534
1852 1664
2910 1095
2164 2838
1992 2300
4159 359
2221 2234
4129 3959
