100
351 2808
4705 4854
2970 45
2079 2710
3099 4069
509 2351
3419 2532
3883 22
3079 45
478 175
3851 4218
653 1641
1417 2962
3373 4508
4034 1104
731 1554
1168 3258
2227 3713
4576 3195
3697 4968
2191 1078
864 722
2013 3300
4368 2539
4244 3375
215 3352
310 4
4329 3119
515 2617
2086 3294
3522 2032
4446 765
1043 4204
4170 4718
1126 4103
3063 1078
4351 3899
1628 252
125 1379
3200 2798
1480 3610
718 1429
3518 3922
4395 1850
1639 2
2712 3622
3258 2213
557 3121
1220 2169
3404 3592
1662 2601
4285 4512
4581 965
835 2122
4625 2961
490 1631
3290 3842
4964 4934
3333 3308
2693 3215
4345 2675
1030 3295
3906 826
2074 2204
2695 1154
863 762
3561 3918
3426 2966
2939 2181
2547 143
148 2760
7 1958
2236 182
4253 164
1687 2092
4474 3830
4586 1642
4977 2860
4911 1155
2823 3581
4210 85
1837 2824
4769 2436
442 3943
3666 1007
171 2241
4398 106
2507 2625
2162 1161
4212 4015
463 3976
1034 2632
4510 2984
2371 2057
3037 1755
2838 1270
4305 1893
865 2974
2499 4617
3471 3877
