100
1564 1877
339 1923
755 179
1689 1026
362 782
1030 1749
948 1136
1492 361
454 120
32 977
1822 239
1495 680
1920 922
1907 770
1281 1721
1874 247
805 1870
1685 933
1341 142
1446 278
785 1007
1033 1552
1164 1650
1359 471
1313 1932
1928 120
833 1746
301 1167
77 646
909 1619
1294 1755
1693 492
1693 902
887 397
1410 239
334 1990
760 635
447 1253
1147 2000
1180 1487
557 1531
458 1788
395 1927
501 1847
1611 315
1896 514
1157 1957
430 430
1266 1506
1908 1015
1929 1839
836 1549
326 1457
1633 1321
487 911
1481 977
468 1514
1128 102
1500 1396
848 1934
1546 1520
1903 1459
1894 859
251 606
394 772
1417 826
1099 654
911 1681
1837 96
1625 1694
1281 1107
1079 24
900 1770
1075 1400
220 834
937 1215
1742 197
345 1042
780 1980
1273 6
1007 623
918 1168
991 796
649 357
1115 1009
1094 1542
954 835
359 1131
1672 826
1328 1969
342 1498
404 1892
408 606
710 747
868 1067
970 462
825 109
1118 605
679 1171
992 1948
