500
3706 1064
3646 498
4447 637
1836 4830
900 4184
2118 3750
4984 1006
1956 3552
2837 3576
3828 2465
2758 4143
3104 1612
1187 411
4818 945
4191 3060
3031 4153
1034 3337
4147 4956
398 1736
1483 3408
421 1891
2152 2956
1336 3172
3904 3009
2070 2752
4201 4071
3211 4890
4031 1181
3361 3808
4447 2141
2863 3486
1887 2252
2962 3902
1800 3633
1243 2978
557 3510
4097 3731
4279 1511
3651 4878
3989 3826
3153 160
3951 2799
4621 1908
1292 4895
4100 4723
4659 1946
4832 1804
707 4347
4415 3233
2525 532
4097 4306
1245 3951
1673 2453
4524 169
761 4533
3283 4977
4454 4763
3959 3540
3271 4494
3652 1511
4802 71
4035 4807
902 3608
2608 1949
1817 2262
3734 2702
2243 3581
4468 4208
4552 1350
4358 4895
4785 4712
3316 3724
1959 3272
4334 1858
4077 3542
3746 2479
3575 3143
4299 2638
1887 796
3612 4174
394 887
1943 827
3113 1703
1312 3616
825 3408
4158 2304
2845 2467
2492 1198
2492 648
502 4035
4552 3181
4919 3120
3308 3352
3103 2735
2764 3777
3339 3808
4234 1853
699 2050
4832 2878
2041 4040
825 3107
3343 2252
514 1146
2413 2931
1825 3416
3062 4401
1480 3250
3646 4235
4334 4191
4625 400
2433 267
4920 1493
3330 4501
2169 2554
3652 2138
4702 4017
2812 3618
3556 2770
2878 1189
82 1399
3959 2984
4468 4580
3190 2931
3369 4654
1852 3060
2638 2467
4283 929
3554 3318
3084 1642
2262 4409
2600 2344
2266 3740
4775 271
2578 1851
1443 4040
4984 3399
2503 3305
4970 4860
4740 2955
4008 3981
3506 3210
1863 2365
2920 1642
4937 4602
584 28
3846 1322
2837 1493
1628 3634
175 2433
4195 4983
4956 1431
4873 1810
2395 503
2262 4240
2615 4377
1789 3128
4473 3634
1386 1384
4744 1935
736 4310
3139 631
2657 4041
1789 2478
1849 1098
2929 3011
2664 2722
2317 3318
2946 3418
771 3824
3656 2978
4920 3576
3336 3248
1466 1061
4534 2991
2413 117
3069 3616
4979 1385
4509 2045
1425 2887
1922 4804
3922 204
1628 3968
3978 4414
1611 3414
2601 4533
2092 2631
1930 1371
2868 3235
3281 4071
2317 2081
394 4751
3042 648
1849 682
3507 651
1611 400
2255 4750
2265 682
123 1146
3355 910
4621 1946
3014 4353
1267 3677
3103 1945
3177 1613
3330 561
2591 1006
2156 4404
557 2020
4534 1978
175 810
1155 2626
1952 163
2645 178
2638 4377
599 2761
3467 3960
4829 3033
2244 4739
2255 4739
2875 2249
4556 2804
2784 4330
4416 2894
2439 2478
1628 1475
3807 4445
2126 3634
398 3581
1825 856
1386 827
1795 1164
4672 3731
4832 4771
557 4403
4819 3968
4120 3571
4622 4395
3196 2831
4589 535
4744 3363
3522 4372
4095 2700
4551 944
1711 119
4581 4610
1810 4395
2243 1736
635 2629
1531 4260
4931 4878
799 1810
4201 4991
2940 4403
3032 963
1736 3269
3339 2902
4978 1010
2244 4750
82 297
4904 337
2575 2251
1798 810
2946 1385
1033 1431
514 1537
2971 4273
3716 235
3042 1198
2878 4807
3444 4044
3972 2851
502 402
1011 2149
3458 1221
3890 28
3203 61
3345 3831
3978 1130
4524 3098
2220 4056
4231 4315
53 4528
1466 908
4507 2729
2023 4330
2495 3983
1188 4933
2543 2841
4672 4306
2969 4602
3507 793
2084 3228
4158 4887
1721 3633
4420 464
4160 1953
3316 3363
3403 3540
3791 2554
3457 1341
1824 1329
1684 915
2590 4977
3159 411
3552 4984
1427 4771
4063 4888
3952 4002
3972 2535
4512 1031
4453 585
337 3522
2786 3893
1943 1384
3890 3334
4344 4488
2710 98
3343 796
3159 2383
2953 3490
3652 3788
1721 3554
467 871
2084 3634
1538 4731
3084 1806
1773 3313
3521 1978
2266 2863
1751 1544
3266 3039
2987 3816
4116 3250
1739 4674
1323 1972
3718 119
82 2290
1573 4115
3266 928
3978 2956
1908 4256
3631 405
2905 3031
1339 2761
2144 1147
3197 2638
4288 2535
3922 2453
590 3816
4241 2799
4096 4208
2990 1814
2878 3650
3758 1804
4439 4601
2200 315
3203 2629
970 599
1424 1639
2600 3677
3457 1119
3951 3089
1339 2021
1370 2598
3718 2126
1673 204
584 3334
1908 4731
3147 3785
1022 2582
435 2438
4601 2079
1188 2931
3339 3830
1425 1051
3948 4803
1773 3333
2817 4113
631 1927
1443 3442
2661 3485
2730 1565
4588 3937
2233 4717
1678 3634
1737 4625
1515 2955
4385 856
997 2348
908 2091
3746 2211
1267 2344
4234 2484
4919 3521
2953 4895
4299 3103
1685 916
4054 4984
2868 3882
1783 3296
32 4830
4048 3776
1782 1350
3310 3002
4054 4482
136 2626
4487 163
2723 3033
2222 3076
2645 3188
394 3960
599 2021
4035 3650
4092 2563
2578 2096
2638 2674
1751 1972
3365 651
2940 2020
3603 1853
3143 2863
4509 4874
4279 2138
771 2432
1833 4654
1782 3143
3706 3552
4014 2479
1406 1465
3014 4226
1684 916
3533 4315
4864 4061
4700 916
1313 1061
4702 2219
4817 4260
3228 4912
4521 1703
2595 3908
510 631
75 4883
4659 1908
4385 3416
4752 235
1015 4737
3261 1051
3952 2096
4358 3490
2525 3045
2817 1927
4023 3031
3685 3933
4818 1034
2875 535
2265 1098
1424 297
3758 2878
4524 2700
631 4113
2163 3824
715 2509
3143 3740
4556 1839
4421 1236
3361 3830
973 1399
3603 2484
2945 4803
3372 4025
2169 4176
1606 3692
3843 3015
4792 3508
4135 4035
4420 3831
3365 793
3807 3785
394 3503
1323 1544
3418 405
1740 4389
2862 1306
3191 4136
4235 1221
3591 1839
1952 2698
2156 2861
2887 3718
2370 2414
1783 210
2641 4683
4935 1820
4135 402
1053 3831
2730 4421
761 2693
3460 3263
3463 4811
3418 192
