500
2095 2534
4124 1900
4086 1930
4196 871
4337 4912
827 609
3803 4572
21 3161
624 1139
4326 4573
591 705
2607 4688
3145 1425
3585 3142
4376 382
2954 3239
2933 2355
3325 559
1994 3141
3375 1213
2117 4446
2009 2910
4017 4495
4241 2793
3467 4995
4826 601
819 1945
4088 1442
3578 2408
1086 1602
2071 3737
3823 4767
3032 2593
1949 2641
667 4232
3758 419
395 4750
3541 464
708 2684
3297 3967
1424 1475
1215 4437
1160 4068
358 3604
4811 4155
3182 1443
3916 1800
4497 1818
2201 100
1546 1662
4739 3606
2316 4277
1432 4408
3201 4154
2175 1541
4048 3741
3606 720
1467 1668
4739 795
491 3647
3948 683
3374 3768
4720 3721
2315 2581
2602 3277
480 1562
11 1252
2842 2013
2315 1195
3097 364
1764 2672
1738 17
4784 4991
4368 3857
733 56
4239 1574
3433 2753
4340 4957
171 1917
2189 2506
2444 1541
331 1920
1324 1999
4173 1590
3661 2712
4829 4810
3320 3744
4165 4405
4929 4634
2138 1148
2261 83
2501 3994
2007 2124
1876 3136
3183 2283
3027 2939
1287 2603
4732 3045
1600 1250
4320 599
3430 668
3634 4149
4313 2057
568 531
3582 3089
2977 2647
182 3734
1620 86
4764 4619
50 3896
4128 2074
1615 382
3605 2892
1944 2989
4833 909
3626 576
1665 1736
1644 4793
4808 2832
1436 3566
4286 3567
1846 2713
1997 4607
2428 1124
1881 2746
819 4553
1790 4188
4704 1213
3834 687
1962 3604
2918 323
4522 3834
2840 2921
1580 850
4829 4089
2129 3841
2445 2139
546 4237
4023 4628
504 2988
4875 3347
4957 3123
3009 379
549 1311
3800 4260
3864 3416
4952 4869
2842 4563
2793 2796
2641 3011
2072 3579
4903 3114
830 2899
3840 3397
141 4098
2720 2675
4096 2162
2095 1062
541 3988
414 2247
4081 3152
38 4560
2407 4915
2920 3737
2631 3096
3726 379
30 492
3693 3137
4704 3117
4981 4295
1982 1913
2 2574
4412 286
3011 840
3984 2654
3317 74
3092 931
4437 744
1679 3474
3265 332
1862 2860
4418 3008
4311 2074
3927 1892
3892 1692
62 1120
3548 2522
4960 1251
1713 1783
3475 1154
4107 958
4422 4219
4156 4001
4849 3534
3067 4680
3634 512
4145 3546
757 2313
1853 2785
3979 4585
4542 4685
3227 4089
3021 4979
1944 4724
4289 2316
451 1840
2765 2729
4917 3867
1983 2600
3556 3728
2156 3019
4663 2457
2326 3249
717 4696
2564 1689
1458 2856
3222 3709
1576 343
3300 3518
4817 4285
2481 1998
1064 1021
3313 2368
3464 4487
4360 506
3766 342
4055 4038
1872 4825
2053 1955
3230 838
2080 554
1068 903
1327 1457
1856 3738
3683 4270
3144 775
746 3491
4821 4420
2875 2712
2532 1567
420 4272
4462 317
2093 4754
1975 4474
3033 606
4289 195
1512 2499
3538 4865
2223 4194
4368 2798
3262 4190
4717 2893
4553 4739
2363 3140
719 2941
142 366
1091 3500
537 3545
3866 864
2124 4804
1612 637
3943 2358
3936 2352
1448 2985
3091 2491
2027 4473
1838 3897
3490 4556
4732 2992
3824 1
3404 4250
2277 4682
248 1430
3150 538
315 1765
2280 3026
4231 3159
729 805
1044 4989
4112 3520
1919 2680
1189 1804
1965 4017
2346 2027
4272 753
3501 3091
4048 3364
1127 1928
2729 4687
1510 1007
4440 2313
500 3003
2106 414
4063 4357
2068 185
1490 664
4189 3571
3456 2017
3906 3380
2893 1384
2201 4309
2613 148
1389 2928
1092 1498
4007 261
3431 101
485 876
1170 3470
3035 4385
2237 2572
4083 2673
4916 3473
1255 3602
977 4694
3681 1410
1281 3096
4823 1645
4657 4435
22 4292
2020 2078
558 4783
4947 4270
1875 3871
2820 2198
1504 227
1426 4803
181 4538
316 299
868 2069
612 1319
3039 2424
864 3557
364 91
3554 1533
445 507
776 2756
1091 1770
606 508
485 3914
123 4839
1569 1526
3300 958
4609 1089
4151 1277
4550 1340
376 655
8 2657
1528 4576
3270 1533
2324 1192
972 78
1266 4761
1381 1704
179 4744
4366 1421
2197 3034
4578 988
213 1302
4322 1435
3701 2311
2887 4581
1267 767
3220 1022
4517 731
1333 4074
4201 1490
3039 965
3562 1842
4564 3476
2477 59
3126 1884
1458 868
3972 2650
4605 1444
4073 2945
1409 2088
2255 1664
1791 3935
3535 4037
4594 198
1582 2309
2968 2219
309 412
877 1990
3905 1112
3112 3304
2844 1573
4393 4168
473 1133
2423 3750
4627 118
1164 844
9 866
2486 1757
2162 2794
2519 3604
2663 3458
1500 3388
1066 4279
234 1046
3944 3034
1609 3272
4130 3649
3510 2072
3191 76
453 3240
1303 1938
4707 24
2557 207
3560 3335
2117 3586
4727 190
2854 1264
3601 4167
2144 3772
4229 296
691 3207
3065 3157
3538 3091
3473 4467
1402 3905
246 894
2537 2922
3458 2791
671 1448
3274 473
1167 3197
332 4774
2249 1169
2983 991
1281 4007
2155 1741
750 855
4124 3828
3406 761
1525 3127
2267 4782
1632 4409
648 2119
575 593
1202 3439
3467 3923
1868 1343
4801 3336
2102 2428
1809 874
1115 3834
275 4844
4248 2794
4605 3003
1045 176
2555 2979
357 2711
4810 3519
2846 3345
584 1339
1352 1065
4223 3729
449 2324
3462 810
4049 2389
3391 4251
4991 2119
1165 2442
4606 2384
2580 983
761 1679
280 2001
4673 1299
4129 3466
4415 4200
4463 836
4774 1377
2897 3414
1481 1500
1368 964
2362 1559
966 799
583 2843
2288 4997
1366 4580
2026 1443
4678 3261
3890 4946
1843 4208
4723 4320
2363 4928
1069 1618
3448 3083
1497 2492
4991 1653
1571 834
1993 3734
2721 1667
3312 4001
1292 553
1855 2683
3901 4655
882 4636
340 2978
