500
190 2390
772 1303
3770 2160
1427 2909
1605 3574
1724 4082
4061 3375
2412 3751
2894 1180
1055 31
579 1039
1947 1950
220 363
524 1904
2012 2996
561 3959
499 4403
1194 1830
2161 1223
631 1269
150 2212
3550 2494
4046 4950
4587 1857
2388 543
2590 4625
4995 1661
4710 782
4156 4090
351 4919
1909 201
950 3023
2039 2176
4929 658
2487 1137
1935 2144
4111 4422
2527 163
1427 1776
289 4721
3228 3250
1303 1920
2490 1139
2914 4610
1394 548
4513 1123
1447 268
4932 656
194 2385
3805 3542
4066 3375
4603 2328
3184 1767
1365 929
4579 1855
1053 31
4820 3386
1952 1946
4979 2933
198 1441
2337 611
4931 661
3026 168
4982 2933
2996 1509
1098 3420
2354 1210
1394 560
4368 2886
3024 173
2918 4604
4537 4402
1157 3869
4601 3430
3568 4464
3305 682
1434 4826
427 2585
1537 719
3185 1764
3099 2829
4153 1053
372 1586
1739 4058
4832 573
575 1036
2721 4124
1753 701
2349 2370
492 1362
4582 1860
3992 763
4165 4728
3137 4505
1495 3717
1498 4715
1330 3653
57 803
3679 551
2464 3879
1114 4189
1424 1785
1746 4009
778 1299
4577 1547
2395 544
2870 1839
457 1718
1338 3661
349 4925
3816 3152
3385 685
441 1446
2998 3401
4599 2328
3768 2152
695 1504
3560 1209
2876 1833
4599 2332
749 964
4709 783
4709 781
2231 4508
1446 277
2776 268
2489 1134
4161 4092
2225 4514
4159 1052
3363 2547
627 1271
1732 4087
2876 1839
4824 3382
1108 2558
4533 4401
2514 164
3139 3350
2230 221
2052 651
2305 4864
1777 2005
1156 756
4625 2148
4084 2366
2336 611
2520 157
2715 4100
1517 1905
457 1712
875 1440
353 4923
3572 4463
610 1502
1268 1456
1512 1910
1507 509
1159 3871
4603 2332
4393 2877
3908 3593
2095 1084
185 2386
2557 3811
155 2207
198 1445
2890 1180
3951 99
4386 3995
3255 2197
3773 2155
1537 715
1319 1834
1225 1900
4610 4541
3386 684
367 1583
3560 1206
3153 379
2223 2049
454 1715
773 1298
2304 4861
2492 1136
962 4628
3418 3739
633 1273
1094 3430
2961 2269
1055 33
1428 2907
604 1500
142 480
953 3020
2344 2363
4941 3305
1443 4823
4275 1572
1613 3574
4820 3382
3116 4714
1912 205
3252 2193
2038 2173
4733 4692
4519 118
2961 2266
2394 712
1503 4716
80 4657
564 3956
2564 3806
1587 4605
1943 1945
4275 1577
3617 4307
4738 4691
3248 2196
2641 2498
4458 1653
156 1109
1388 554
1455 278
2007 4525
2336 612
1797 4723
1613 3566
2923 1292
2862 4241
1110 4193
3314 683
798 2041
2756 280
3001 3408
4608 4542
3617 4303
2335 1531
1053 33
2958 2266
2005 2997
2230 216
426 3616
2863 4246
4177 966
4824 3386
1289 950
2586 4627
4775 116
2033 2692
3711 362
576 1043
4982 2936
2350 2364
3913 3588
451 4922
1219 2679
1322 1834
4934 659
4519 1129
4993 1659
1207 1688
3709 367
3316 3326
4428 1429
1415 1782
1592 4601
4384 3993
3724 2265
3681 1771
3547 2489
1372 922
1913 1383
2394 707
2355 1209
2919 4609
422 3616
1545 2644
2927 1292
1116 2556
1543 2642
1779 2011
2067 1083
2690 4305
2565 4118
2068 1081
4572 1555
1295 314
695 1498
4046 4948
369 1591
2093 1072
898 3583
2235 216
3571 4459
221 363
451 4916
4270 1577
1497 4720
144 478
873 1440
4234 4034
610 2928
1295 1928
221 362
3095 2825
294 4721
1748 4009
1554 2485
2958 2269
2465 3873
154 1101
1324 4866
4936 3306
2040 2174
2774 264
428 2584
4154 1059
444 1452
2094 4377
1584 3453
1583 3461
4517 115
1948 1941
1153 759
689 1498
4776 118
1807 3975
4514 117
3316 3317
567 3959
572 1040
2751 282
3557 1209
202 1445
3183 1765
1289 952
1400 554
3227 3257
629 1275
4171 4729
1937 2148
610 881
752 987
3186 1766
450 1449
2684 4306
3021 166
4513 1129
85 4628
3687 547
746 967
487 1371
2005 3649
1302 314
3005 3398
4164 4734
2407 3750
2011 2989
4238 4029
3621 4303
2355 1210
3008 79
2343 2369
2225 4508
1662 2948
1758 699
3808 3545
1746 4007
4482 3595
447 1443
610 879
1992 2654
1179 3044
460 1715
3901 3189
1912 1388
4044 4950
1730 36
4159 4097
347 4921
2004 2990
3000 1505
2155 1225
84 4625
3681 545
2640 2497
1543 2644
504 4410
1412 3983
3427 3739
1232 2678
454 4919
751 1000
2894 1176
4386 3993
426 3620
561 3247
1933 2150
1414 3989
1295 1920
2221 2046
2858 4247
2852 2071
758 994
3017 78
4099 2365
97 639
2235 221
2338 1522
4401 4298
4995 1657
4091 2358
1456 269
4457 1648
1303 1928
609 880
689 1504
874 1439
2714 4131
2163 1229
4626 2149
1908 1382
66 289
4935 3301
4997 1659
4044 4948
1771 2007
3954 101
485 1364
530 1902
532 1908
2890 1176
1207 1690
612 1496
3251 2200
1365 922
2709 4100
4239 4038
1226 2685
4173 958
852 4080
98 637
2584 4623
555 3255
1507 1905
1738 4058
1225 2672
2039 2688
289 4726
2354 1209
3116 4712
2100 1077
2685 4312
4371 2879
4777 115
3198 2208
2394 551
3135 4502
2389 707
3710 2267
3819 3152
1295 321
1291 950
3132 4504
270 3609
2387 550
1729 4074
3431 1597
2550 1371
423 3318
2038 2693
611 880
950 3020
3621 4307
3368 2550
2016 4532
1991 2375
1552 2473
3985 756
3704 365
4388 2876
2521 170
2780 266
4584 1852
1773 2013
2639 2498
2913 4605
1334 4860
4170 4735
2714 4124
4940 3300
2302 4865
2992 1505
874 1441
1118 2564
2157 1231
4516 120
2002 3648
1978 2654
