3000
449 657
183 97
664 354
583 904
613 599
827 724
794 229
53 161
864 704
240 467
176 607
684 500
976 61
621 939
987 272
69 503
721 713
55 932
294 397
319 318
163 195
69 256
211 191
743 3
672 115
378 834
728 556
65 611
525 762
959 209
914 863
52 87
184 633
713 230
945 154
490 977
34 236
839 102
179 382
384 768
615 723
641 524
555 130
700 217
595 751
278 153
771 40
671 816
548 130
872 771
493 158
66 925
268 999
261 931
558 772
842 676
463 325
528 572
288 122
725 522
892 966
30 716
597 610
616 695
563 1000
352 388
229 298
719 295
87 701
383 973
393 933
668 77
976 138
148 395
861 626
100 109
822 44
315 379
521 486
562 409
184 243
521 321
577 593
571 625
608 538
668 994
831 919
653 600
469 25
19 165
93 387
47 703
116 484
342 935
514 52
204 90
113 131
481 174
465 893
321 180
651 518
211 406
38 591
168 880
251 40
146 739
125 560
974 210
214 917
53 645
265 639
594 793
420 206
480 393
928 677
967 472
398 64
775 791
500 152
889 13
524 714
358 129
912 579
608 58
668 603
745 914
619 72
566 60
219 826
191 386
699 165
725 617
821 190
32 460
348 338
514 781
680 757
945 830
749 549
93 13
795 958
259 597
254 167
88 291
601 129
814 53
418 767
512 664
850 669
166 619
37 347
79 704
158 504
21 906
578 765
724 40
937 255
991 340
660 620
806 679
486 174
416 781
289 625
326 405
603 57
231 175
484 889
743 622
788 482
962 47
443 236
888 981
829 747
665 492
373 619
293 1
93 787
737 551
884 136
726 418
733 170
970 675
719 765
835 215
214 502
412 151
568 854
817 299
48 879
267 204
6 310
468 228
150 900
158 781
890 565
951 131
184 431
614 496
679 701
136 789
53 523
619 257
277 704
411 929
160 260
917 56
674 973
219 615
579 929
475 494
741 487
794 708
233 369
150 927
546 695
482 439
135 772
883 850
537 800
715 182
92 881
260 642
149 582
909 462
939 246
89 268
491 645
614 611
910 637
401 561
867 685
481 847
120 372
715 166
365 355
410 886
349 899
531 337
266 695
569 578
383 447
538 573
164 200
865 728
324 217
358 349
361 947
740 970
426 711
250 82
618 35
867 825
61 184
394 628
696 458
527 116
301 759
299 520
538 328
295 93
450 93
838 565
368 618
966 491
539 519
728 467
3 751
319 613
64 181
557 645
664 773
476 619
272 683
706 181
433 113
250 671
341 291
527 462
866 500
901 354
947 711
850 847
855 16
656 31
702 830
673 977
772 291
848 77
795 215
378 215
391 222
166 627
22 902
691 40
540 469
489 796
165 110
633 125
850 108
382 81
273 244
452 630
275 682
683 733
343 728
159 735
805 838
906 179
519 518
269 350
281 380
121 226
518 898
303 525
238 805
958 334
335 187
205 297
78 507
91 741
428 806
353 374
533 65
12 913
91 444
652 836
454 716
673 293
153 62
761 517
673 95
424 218
290 710
285 380
114 937
266 90
848 5
716 593
338 551
40 718
415 579
122 947
577 531
635 944
961 491
443 429
273 562
449 435
691 560
112 686
861 217
403 180
927 164
786 783
204 356
580 768
9 582
628 2
770 164
432 950
872 181
710 891
88 253
286 294
913 594
777 374
428 555
760 142
658 516
808 961
266 32
751 68
24 54
576 532
859 221
408 467
537 691
274 18
436 28
887 409
718 572
564 663
771 90
486 611
199 613
294 18
828 133
83 580
343 745
48 502
811 530
747 210
52 60
84 391
869 233
718 216
447 599
896 758
63 745
328 846
737 988
443 223
414 581
656 899
834 760
94 989
42 192
520 14
372 764
270 270
499 387
751 214
193 501
377 907
503 736
730 493
270 403
775 212
192 223
103 126
749 297
737 235
455 394
979 558
891 888
345 958
946 0
488 606
780 746
373 700
994 140
97 313
372 114
552 380
844 979
400 667
822 46
280 695
498 95
459 336
686 422
98 913
290 280
739 88
497 529
917 71
341 511
348 105
806 349
230 756
210 659
695 663
484 838
194 373
338 317
932 213
137 829
918 316
502 71
883 387
760 302
892 329
358 85
19 142
926 838
799 390
627 864
638 956
94 513
790 487
216 803
672 470
762 204
165 637
6 848
153 807
94 419
9 800
299 49
489 230
311 107
858 521
477 257
749 318
738 927
345 183
687 146
572 424
718 693
783 443
167 566
920 39
295 820
170 961
230 689
643 709
638 554
720 482
444 762
79 859
708 492
53 674
243 857
340 145
606 705
125 772
55 165
492 571
14 454
954 921
232 956
409 652
802 90
636 352
540 420
875 110
881 261
44 874
424 719
760 238
119 818
358 552
127 589
697 457
899 891
447 849
80 665
507 93
475 123
713 144
207 909
199 575
828 415
401 484
667 142
226 356
715 738
558 452
811 93
710 766
567 20
790 389
174 658
825 188
445 909
838 521
524 288
466 17
548 60
906 899
672 501
34 608
622 260
622 270
560 513
315 98
651 978
290 88
239 153
370 849
968 521
311 450
864 736
34 287
782 694
512 890
706 737
541 18
615 152
243 252
940 169
815 738
872 999
624 295
243 804
431 628
421 399
244 331
837 71
48 32
882 493
453 262
246 679
940 920
362 84
279 806
748 230
610 492
393 710
162 719
730 64
761 196
167 235
691 338
459 409
841 218
3 768
714 926
952 683
351 369
236 998
924 803
483 877
696 54
195 584
975 803
405 541
679 385
431 576
133 813
8 211
550 20
412 223
46 736
630 683
636 642
908 725
563 506
454 974
733 399
480 801
846 631
223 703
315 522
760 131
332 893
306 398
619 637
312 408
767 581
326 461
403 727
509 603
89 213
160 999
699 99
691 465
988 267
285 286
455 253
92 397
173 704
972 307
119 762
721 847
169 852
825 207
831 814
349 220
802 497
664 781
676 300
744 210
702 206
355 994
50 149
913 781
46 402
476 204
865 505
423 743
804 537
630 562
507 230
5 211
161 948
876 706
521 280
53 322
207 74
405 834
803 84
447 62
427 467
114 413
556 635
664 705
832 943
375 996
724 339
928 39
727 607
215 663
514 545
75 272
470 58
4 246
501 344
486 355
816 758
38 462
12 959
828 920
841 393
67 435
428 822
135 642
897 180
838 463
664 850
204 237
882 276
1000 757
762 894
567 873
743 920
849 566
678 461
98 219
758 263
211 554
340 932
130 274
873 752
336 936
790 426
733 561
452 231
128 688
536 327
691 506
56 373
581 579
354 22
490 459
919 511
504 393
884 158
15 405
579 705
92 905
665 753
156 477
901 458
230 780
542 166
32 412
769 424
576 515
113 185
933 557
157 455
78 201
641 937
657 195
883 35
851 686
112 870
737 711
305 5
956 836
243 899
504 352
279 317
611 580
160 380
302 322
177 668
513 578
396 281
435 702
191 974
158 148
328 328
131 968
533 616
587 491
439 761
114 322
335 840
808 396
121 555
389 352
833 272
306 798
111 141
493 392
83 618
390 410
662 260
564 0
450 209
867 916
180 159
922 626
79 117
296 49
547 294
331 87
372 131
594 157
965 522
742 139
745 706
184 357
822 63
250 388
365 275
811 255
832 453
557 250
876 330
413 866
616 592
485 816
422 677
917 908
526 14
950 762
972 539
660 140
794 489
146 661
342 719
597 646
87 36
846 469
475 440
685 214
498 891
580 578
327 69
764 207
786 199
233 245
636 997
400 738
654 180
612 680
350 217
160 80
520 715
388 304
794 562
603 849
408 276
520 147
348 564
736 496
696 543
996 217
754 473
33 895
54 836
493 884
665 734
107 463
926 893
501 998
458 879
343 185
176 798
290 90
739 972
512 523
918 925
681 492
131 54
176 571
942 915
995 851
225 347
483 275
859 421
901 372
755 617
542 812
635 812
451 466
370 186
196 653
891 814
22 832
714 833
234 195
67 917
376 13
377 107
288 173
741 540
57 929
457 870
249 979
940 146
804 821
997 392
994 711
668 510
734 414
405 223
805 472
580 909
943 84
568 298
227 38
711 421
459 875
951 705
307 927
72 406
298 759
505 335
989 399
741 970
678 325
930 867
367 745
799 551
2 601
511 946
176 510
531 868
510 811
886 0
865 558
199 784
364 275
74 607
433 149
610 663
845 926
704 246
551 448
357 702
810 746
42 107
263 403
919 910
754 905
188 135
503 658
670 39
332 722
460 729
284 70
96 30
369 635
20 393
572 336
833 491
440 831
474 476
744 274
707 700
652 654
771 74
547 241
967 868
577 378
364 804
380 597
4 209
408 885
423 814
141 300
40 662
330 586
252 240
875 554
950 718
162 95
853 782
252 234
828 536
602 325
148 975
771 447
232 192
804 914
539 904
861 257
775 236
548 328
937 962
36 894
415 992
281 911
945 480
481 939
384 511
656 642
102 698
589 510
248 876
445 189
162 303
304 795
208 353
357 766
823 96
762 522
867 499
344 384
539 308
1 358
428 720
8 452
780 680
407 333
311 591
547 80
237 458
240 88
984 801
122 523
134 946
337 202
756 681
465 998
679 549
204 664
452 234
340 802
578 448
987 83
676 741
784 248
805 992
307 353
126 372
72 899
405 364
596 927
74 551
46 669
896 823
27 108
819 432
610 449
265 581
824 451
567 652
95 439
59 83
620 467
645 308
350 430
718 342
46 362
110 281
528 820
700 509
458 878
56 404
356 205
417 339
756 788
213 467
682 942
626 817
99 199
214 351
262 318
670 243
357 544
145 319
850 685
465 636
522 353
323 560
538 674
364 442
408 981
807 3
981 664
817 857
971 566
49 288
518 432
533 45
433 490
503 718
922 529
363 255
933 707
588 704
516 648
281 883
652 506
620 832
475 278
6 810
895 155
892 889
178 467
195 93
835 767
400 817
529 861
217 860
488 392
495 606
734 961
323 149
871 507
979 686
882 686
246 998
940 65
800 389
969 753
334 378
591 266
209 438
241 815
28 591
255 770
191 477
144 663
389 843
493 681
355 442
179 825
157 563
453 39
611 889
218 291
398 697
321 123
383 944
764 962
561 320
497 750
166 54
405 558
817 7
5 664
372 933
964 677
336 539
295 54
134 641
34 246
888 597
963 293
130 416
740 939
242 12
419 774
812 194
597 830
540 574
362 670
299 48
82 33
578 832
300 685
623 84
889 80
294 637
270 233
73 66
227 62
918 342
153 355
565 371
638 974
369 907
42 453
336 894
444 33
557 606
629 212
150 122
47 389
545 221
813 659
191 545
321 690
697 686
436 5
713 456
747 293
583 749
658 166
783 811
294 294
910 941
815 710
462 104
706 557
190 606
775 170
317 70
245 655
269 564
567 394
669 446
952 396
415 42
430 74
752 897
968 365
595 894
795 758
480 198
509 664
350 315
974 418
46 491
0 748
46 970
766 522
458 214
783 251
22 164
921 501
328 945
607 630
934 498
873 573
857 728
586 791
328 829
326 484
245 296
165 317
474 716
426 158
84 128
27 535
888 608
171 373
572 41
953 396
475 463
836 222
466 704
894 70
2 429
202 447
505 516
119 60
412 343
898 672
418 153
192 780
208 796
456 854
659 664
910 954
142 169
784 196
673 574
119 91
20 363
723 843
774 302
925 626
280 17
193 266
832 289
254 355
385 685
697 957
24 509
342 751
984 425
659 942
61 347
350 451
499 505
317 783
633 873
499 69
795 900
352 554
762 81
16 735
221 445
819 922
771 794
581 710
152 593
977 433
525 758
360 46
834 112
649 680
608 895
901 663
516 487
964 553
391 910
207 610
858 444
873 267
657 111
505 199
718 430
816 77
795 422
295 213
198 841
895 522
268 465
148 170
177 690
138 422
517 351
231 283
931 371
627 97
337 968
906 898
793 301
616 813
813 279
503 274
932 12
301 680
120 145
452 473
158 661
35 314
761 522
822 515
5 931
36 248
93 150
515 493
993 777
265 329
807 580
812 979
775 257
679 373
480 668
842 779
8 732
704 470
844 417
286 304
431 935
763 200
542 9
666 255
541 376
40 898
165 742
618 597
673 894
701 332
880 241
791 2
510 498
297 913
688 279
666 57
556 250
655 960
212 507
478 150
526 657
447 778
962 821
253 683
876 637
732 482
335 246
740 234
223 1000
431 185
867 373
667 468
157 13
90 409
297 740
985 547
984 168
70 740
327 385
386 639
633 77
713 840
639 778
554 404
352 253
672 875
109 828
907 691
351 216
260 904
661 969
42 746
985 520
598 653
101 959
100 626
628 563
714 696
911 837
383 836
495 795
82 603
693 142
270 367
234 88
114 447
489 571
509 265
866 309
873 720
583 694
440 535
367 769
228 990
528 698
268 511
383 184
761 873
426 487
65 498
968 222
590 497
120 680
865 974
860 85
341 240
408 854
650 769
406 891
714 283
8 741
488 249
221 41
470 477
572 848
184 217
997 241
46 679
97 999
352 813
882 242
165 295
206 993
234 330
225 475
10 338
549 14
734 523
567 677
183 39
94 477
682 352
115 875
346 848
412 980
144 324
256 102
289 12
157 504
124 314
219 724
649 703
313 803
661 287
726 633
733 248
853 217
104 508
77 908
180 654
480 790
584 622
624 114
206 823
752 519
828 508
378 627
499 890
467 169
750 190
362 479
220 241
72 950
861 4
12 938
995 317
320 328
519 285
761 612
530 354
268 528
1000 140
503 609
908 640
16 363
370 95
516 583
886 386
559 243
506 65
656 378
366 462
134 827
778 297
101 891
319 202
433 172
692 490
379 990
465 793
926 842
348 554
249 151
328 245
320 927
43 425
189 304
334 679
119 820
691 531
222 186
904 955
675 865
311 862
416 296
941 672
489 67
127 884
169 543
783 462
255 835
683 560
222 282
937 321
333 829
253 264
291 713
48 189
948 190
337 419
935 18
162 258
734 444
424 681
889 724
527 786
749 241
688 253
477 132
8 763
585 526
282 407
300 764
499 106
398 854
631 23
444 322
679 636
460 57
393 299
845 401
697 236
998 295
184 91
847 978
188 611
219 751
236 142
275 906
546 97
190 642
671 444
140 160
834 216
413 394
61 625
513 790
409 466
157 379
708 116
552 118
328 865
339 678
771 420
577 197
325 677
857 186
346 758
852 542
358 610
428 776
453 902
809 712
431 150
581 567
36 133
223 518
214 962
99 799
123 645
703 285
718 108
553 815
509 246
868 620
389 844
822 874
493 579
933 892
235 972
514 285
306 350
623 671
640 836
926 287
26 791
857 28
413 296
954 725
175 265
789 237
705 270
923 857
30 944
838 897
726 942
996 34
864 88
456 399
29 709
14 336
612 487
627 104
327 873
936 730
635 602
209 536
814 569
628 108
576 827
625 606
186 69
441 331
902 242
800 71
19 695
616 32
919 817
115 445
404 616
834 58
367 521
33 224
173 277
642 316
396 215
236 294
983 698
585 58
934 297
407 662
161 56
972 218
419 410
302 787
733 161
217 164
319 772
228 373
633 27
950 725
129 668
620 998
392 939
529 731
13 816
307 586
233 449
993 313
309 832
812 744
369 193
727 14
646 771
663 413
199 119
709 968
731 281
863 825
739 911
222 755
697 390
592 129
367 559
568 219
930 405
785 72
872 693
648 452
893 783
167 806
556 212
645 554
733 147
117 207
542 985
438 379
48 831
273 654
319 393
694 32
340 688
793 583
275 403
471 338
262 343
262 695
659 917
911 177
360 859
300 320
474 591
86 206
491 612
137 451
556 105
976 735
445 539
794 681
887 330
519 166
836 672
462 151
915 129
684 482
855 696
493 586
945 916
7 857
774 125
60 880
953 981
88 930
671 161
976 581
515 484
955 794
691 114
570 37
827 928
710 488
203 804
560 37
871 126
568 500
566 77
190 991
667 831
547 928
996 443
277 576
316 271
735 620
768 612
490 530
538 197
623 810
964 828
211 115
439 748
194 287
92 936
690 445
195 217
493 2
391 923
683 274
836 552
108 164
308 849
597 146
515 457
158 286
834 553
224 759
903 794
343 889
731 789
641 501
673 353
90 862
471 984
312 804
621 567
527 609
216 72
501 876
360 347
164 814
854 193
289 681
5 715
571 344
462 1000
581 336
359 294
589 193
212 808
419 866
363 284
688 797
129 6
495 386
928 440
866 519
814 650
140 847
621 357
284 548
803 640
66 877
457 882
417 524
171 746
303 557
918 365
140 947
385 671
614 262
49 898
480 412
851 331
319 217
320 653
708 645
383 301
525 440
538 64
577 687
663 438
717 39
489 630
646 402
658 753
541 198
752 879
392 868
724 560
24 967
969 580
299 810
579 267
680 885
304 596
444 969
873 302
924 366
955 527
86 632
848 964
433 561
774 672
964 689
452 731
872 114
284 688
467 478
716 966
119 536
440 473
546 923
734 494
522 743
132 213
449 774
658 499
597 152
251 55
821 334
144 562
885 809
28 129
848 983
423 765
532 473
729 845
912 395
702 799
244 437
416 174
298 975
739 233
617 53
628 404
572 772
570 745
239 793
627 351
215 534
844 260
478 259
902 727
671 390
323 82
272 369
392 154
719 228
61 833
374 262
536 728
860 228
542 374
658 452
338 220
665 606
636 37
806 610
619 99
343 338
833 681
719 166
490 188
958 929
774 510
403 580
182 51
654 518
461 816
217 611
221 509
253 78
346 653
944 771
568 273
243 788
538 800
522 253
978 506
528 505
134 962
987 809
955 432
125 130
271 880
752 981
415 212
380 699
469 848
492 890
260 925
25 646
950 714
607 329
508 871
635 89
307 299
830 661
163 887
821 192
118 747
283 6
822 369
659 79
222 455
450 224
437 377
510 378
429 312
999 66
720 675
13 795
822 675
59 204
244 586
231 214
48 723
443 916
309 360
156 989
312 555
417 207
696 931
431 917
310 415
574 539
927 718
304 925
545 256
177 337
345 825
668 638
654 420
308 554
299 932
24 858
100 393
447 709
25 110
740 882
467 986
107 300
992 158
595 407
819 403
714 962
430 822
183 271
99 24
509 390
988 586
84 609
150 755
125 461
223 561
458 827
16 769
597 17
843 716
375 889
715 452
716 596
799 919
529 596
392 233
397 652
493 685
320 967
910 863
280 327
55 546
525 343
417 549
195 202
132 733
467 864
458 726
702 112
706 303
901 929
152 590
333 479
724 260
531 931
273 436
255 294
730 972
793 340
419 552
862 207
805 833
473 691
511 778
615 641
377 580
494 574
193 720
16 176
783 689
88 731
287 867
29 461
728 754
210 902
171 799
772 682
645 778
605 662
804 437
490 826
122 659
606 651
68 127
453 54
926 247
767 218
52 965
367 380
985 382
753 963
24 929
517 803
293 969
81 842
555 733
65 568
562 313
647 246
911 234
384 535
884 93
818 455
138 241
414 636
129 155
656 792
498 458
291 501
842 289
430 821
842 362
988 9
634 456
153 141
819 619
730 712
639 839
904 947
480 645
109 693
229 373
488 736
627 192
40 815
971 165
530 789
645 157
683 907
347 790
226 312
893 760
298 324
784 75
922 545
836 451
882 829
571 180
176 367
938 779
609 780
462 937
416 991
495 540
177 772
396 389
791 824
607 167
43 396
23 392
983 238
30 312
426 825
172 721
35 655
601 534
459 937
568 448
754 840
404 987
225 512
57 658
660 641
251 53
168 587
659 300
943 325
688 725
748 188
719 879
240 670
115 298
916 236
145 673
378 621
894 374
70 210
850 740
700 360
319 935
364 762
835 612
665 580
270 249
510 857
955 376
648 680
409 849
562 277
397 943
868 640
830 374
129 862
235 490
350 55
585 809
142 142
922 823
690 768
591 163
549 583
125 784
93 59
922 516
995 80
439 553
661 855
284 611
417 699
198 294
656 575
616 160
756 138
250 857
885 197
993 427
586 435
560 15
584 557
7 202
419 376
902 938
460 738
657 645
890 582
216 773
357 213
493 605
990 143
102 194
580 355
948 492
314 663
218 869
843 152
744 525
415 58
780 615
233 604
520 516
957 452
865 355
35 501
858 490
578 143
61 713
108 918
715 592
352 773
897 642
13 817
556 286
614 747
719 739
466 496
310 360
737 473
167 556
100 460
601 495
636 90
952 153
798 811
177 123
565 590
883 836
889 57
336 449
271 289
771 28
416 916
169 966
189 387
848 445
934 89
97 656
387 208
917 544
541 810
446 539
91 440
225 970
940 645
479 198
284 246
798 96
158 113
731 392
557 152
298 670
841 260
937 910
109 159
25 962
531 641
25 186
244 165
190 295
6 400
319 372
748 191
257 178
477 522
882 531
7 706
168 590
885 838
322 750
213 187
362 345
435 492
632 113
684 477
97 61
948 596
866 764
812 296
823 849
280 454
499 259
514 424
346 788
59 324
80 492
164 752
404 768
755 468
138 279
198 752
510 275
504 46
542 177
927 42
316 240
201 994
150 535
484 634
735 707
522 498
577 798
93 841
298 203
840 975
494 867
773 997
519 599
893 185
391 343
263 389
184 463
432 551
267 248
82 675
835 852
166 74
601 446
79 930
727 155
899 791
69 594
451 118
251 512
400 554
407 497
628 374
548 212
471 951
447 260
476 165
93 373
820 442
505 743
385 619
550 357
551 39
198 861
152 906
842 955
287 932
63 753
992 697
686 335
27 675
656 413
82 715
934 267
709 508
134 526
601 638
387 120
875 71
599 172
906 526
730 282
984 257
196 717
850 201
263 457
6 15
369 394
710 5
924 70
271 620
290 172
203 281
1000 754
898 345
523 601
333 826
716 238
143 283
85 32
784 491
944 485
173 989
451 223
54 70
569 560
948 308
912 886
329 738
544 330
22 234
884 845
16 265
917 965
69 908
212 46
672 201
446 717
459 941
836 645
83 615
228 117
667 599
320 401
902 335
394 282
979 260
312 383
807 577
349 280
787 580
996 408
407 89
711 432
299 787
90 212
297 362
467 700
657 720
337 921
852 293
960 892
364 408
86 403
960 366
958 567
533 241
106 303
228 910
646 885
853 472
634 296
990 72
774 683
697 144
315 302
125 817
349 677
735 723
770 174
182 527
980 123
259 364
827 80
881 955
987 329
472 275
978 44
737 825
948 263
417 579
399 645
286 237
924 74
897 73
269 13
654 705
457 321
640 31
330 201
219 449
645 250
841 209
313 174
223 666
815 706
341 115
268 120
69 924
870 666
928 526
549 311
880 217
60 326
743 447
594 344
641 1000
142 843
875 68
287 400
230 597
756 34
363 986
359 325
347 620
565 24
616 325
17 781
562 480
311 647
104 277
34 598
7 307
482 469
676 35
630 786
698 149
904 644
476 624
940 657
699 956
924 374
77 990
172 724
858 924
266 658
576 446
604 352
349 781
138 173
556 351
229 625
141 349
490 284
139 555
564 47
541 764
436 505
343 18
179 767
811 924
442 155
783 12
982 276
761 778
481 514
333 715
984 173
669 194
585 74
916 827
447 781
404 464
275 298
445 877
580 344
364 548
194 819
64 372
988 555
121 700
564 46
444 511
259 452
374 624
19 675
830 512
924 825
421 473
400 446
148 842
558 935
92 152
42 672
581 884
719 548
718 622
394 61
177 78
335 912
314 252
715 309
518 530
990 812
809 195
397 313
180 897
702 153
856 954
927 357
37 601
414 419
617 117
393 588
243 47
109 275
430 811
532 303
24 65
55 890
261 928
484 392
353 532
837 169
901 859
335 233
968 469
226 119
126 239
573 908
523 712
142 222
28 455
949 284
721 779
962 234
729 513
509 593
202 233
232 282
989 706
201 303
556 17
650 987
731 234
429 43
290 863
15 892
567 547
646 543
614 103
890 719
57 556
485 95
382 638
629 529
792 868
670 902
897 347
866 119
663 470
290 699
827 570
728 765
662 586
582 517
792 972
270 551
129 512
911 613
835 108
276 522
517 433
365 92
358 943
866 95
1 227
961 446
528 666
431 874
451 368
121 16
435 354
146 799
272 360
941 605
558 95
607 561
166 238
730 892
880 172
137 938
926 828
297 564
667 343
449 832
976 964
578 103
309 754
350 125
333 905
94 708
358 723
504 97
624 651
36 579
187 324
929 524
276 683
447 257
264 630
745 368
215 184
692 588
940 119
748 268
832 498
744 688
634 112
953 974
79 559
994 404
771 358
866 749
252 470
129 355
244 859
157 550
471 147
46 113
493 936
779 134
16 606
947 727
174 113
790 847
444 371
554 527
755 137
573 692
437 467
778 409
436 597
642 791
638 796
971 830
536 421
161 802
456 306
999 789
798 1000
448 683
830 323
327 294
705 569
554 428
398 499
63 216
628 214
607 154
162 903
395 597
96 751
441 435
513 61
939 31
978 818
453 733
101 306
287 318
122 240
969 600
374 947
81 434
100 714
197 562
261 772
544 918
595 543
724 825
164 902
764 996
184 323
735 195
655 832
84 180
556 151
539 122
310 131
121 260
431 797
763 172
14 85
656 330
878 5
770 427
772 655
509 208
883 983
413 707
730 509
231 944
575 651
191 560
539 290
118 234
242 923
386 722
694 702
142 105
843 625
357 885
981 482
652 68
877 352
304 204
420 710
47 428
925 302
624 71
259 679
454 83
11 773
89 524
811 603
941 890
546 214
238 999
525 814
976 560
321 440
43 338
982 54
524 315
531 539
624 457
813 62
394 642
401 364
914 392
949 277
723 327
139 307
269 408
892 531
802 797
916 134
44 266
730 413
51 769
437 445
182 111
390 566
881 468
990 365
732 623
685 14
819 991
319 104
48 110
896 635
933 651
879 214
288 787
630 944
487 204
406 567
452 273
912 915
186 468
166 649
835 83
973 648
309 970
337 488
613 929
808 633
103 167
238 83
83 578
209 63
756 763
788 62
637 266
918 855
788 239
827 748
608 839
703 426
1 517
170 144
681 358
775 794
657 580
102 287
265 658
270 628
0 766
978 26
218 560
84 252
425 651
775 500
854 395
35 850
184 997
767 502
69 202
918 9
839 229
493 895
703 502
447 584
647 222
218 879
430 583
448 471
64 677
325 398
499 464
465 306
564 198
210 361
369 965
668 487
224 181
415 980
121 286
265 318
240 589
439 1
322 433
346 763
141 898
698 243
799 205
553 367
386 199
965 308
740 654
198 247
699 31
724 530
433 14
777 363
389 424
674 350
24 336
757 783
881 269
249 30
275 363
481 132
799 94
833 47
75 587
510 179
785 920
519 212
69 842
94 117
413 87
192 947
35 153
13 297
474 536
592 127
712 698
143 631
800 382
611 668
559 709
726 557
209 670
459 310
878 215
497 765
629 214
661 955
617 671
180 233
160 210
331 707
454 311
409 509
245 273
204 311
126 284
268 420
999 938
60 935
345 427
84 126
649 181
525 718
454 877
335 565
443 952
517 960
884 976
419 132
796 700
844 387
284 857
454 65
31 24
839 305
113 10
827 160
919 827
334 580
809 95
334 171
597 358
971 619
677 306
831 366
399 371
252 270
24 489
749 926
647 926
141 460
611 575
149 595
549 676
405 51
