3000
1325 3862
4629 2892
1136 3558
1591 1803
1361 3945
1312 3857
1284 3964
1247 3993
1987 3672
1046 3598
328 3148
1250 3766
745 3133
1151 3810
1183 4011
1191 3803
1148 3811
1235 3837
1097 3737
3545 3008
4496 3126
3447 3944
1036 3800
3259 1498
839 3789
1351 3900
971 3805
1098 3671
1192 3781
1152 3863
1026 3925
981 3765
4431 4927
1271 3789
1959 1470
2375 894
1171 4025
1292 3812
1255 4012
1068 3696
991 3810
1809 2125
3562 1551
589 151
1273 3842
1277 3754
1309 3949
663 2592
1078 3836
1200 3896
810 2166
3656 1813
4125 3184
3774 3009
1071 4434
1135 3871
924 3704
924 2779
2289 2321
3259 1080
1126 4035
1106 3636
1109 3667
1181 3635
992 3823
1313 4001
1187 3808
4871 521
1066 3680
3033 1895
1016 3625
1165 3777
2896 4352
1740 1761
2175 3677
983 3706
936 3690
1186 3913
1014 3599
1165 3890
945 1393
1154 3719
957 3708
4753 4141
3708 905
1204 3808
970 3707
1025 3575
1067 3778
1151 3713
4074 4531
976 3615
1234 3827
1148 3726
844 3769
972 3733
3336 3757
1181 3985
1321 3853
1034 3571
932 3723
1098 3926
4764 745
3647 2033
3653 2389
1019 3664
1156 3830
1179 3789
1263 4116
1297 3878
3857 2070
1308 3936
1016 3579
1100 3671
1101 3746
1239 3814
1344 4446
1943 2310
1141 3545
1643 2222
1365 3912
4620 3342
1077 3993
181 3363
325 2363
3857 3288
904 3784
213 4979
4486 1214
1215 3663
1025 3742
2321 496
1173 3796
1015 2915
1045 3917
354 2969
1139 3779
1010 3887
3031 1592
987 3673
932 3808
3938 2074
923 3776
1268 3758
1170 3683
1950 3247
830 1334
991 3725
3367 2846
930 3867
1112 3938
2236 2217
1202 3852
1094 3075
3094 2509
3064 3596
1064 3687
1391 1151
3429 3442
1119 3738
1206 3861
1015 3782
1263 4031
1082 3679
352 2148
1245 3682
305 4751
1197 4023
1143 3916
1153 4046
903 3856
1233 3849
1227 3787
1120 3872
4226 241
363 4947
3755 4566
916 3685
1014 3769
2691 3829
1933 3539
1244 3869
1040 3633
1013 3671
1054 3949
1211 3848
4221 970
4247 4052
2630 1522
993 3751
1035 3702
2882 50
2326 3499
1098 3618
1131 3571
902 3843
1370 4342
1136 3752
1002 3783
955 3852
2291 2612
1162 4078
1166 3875
1676 716
2721 48
1155 3819
4021 1179
1292 3898
1189 3556
4683 221
2649 3594
1322 4033
1317 3968
1934 537
4995 3509
1018 3821
2156 1201
59 1540
1193 3886
940 3742
1379 3924
4920 4419
3420 4965
1022 3873
3266 1524
3901 3243
2246 4129
909 3849
3918 729
3033 1354
1085 3710
2875 650
1038 3656
964 3714
1223 4021
1154 3841
1012 3658
1084 3635
637 1149
1149 3660
4346 2513
1164 4019
1226 3805
966 3072
1514 3925
1001 3600
1603 2429
1073 3683
159 3935
940 3827
4154 472
1160 3797
1986 46
1257 3806
1232 4053
1260 3822
1221 4080
1199 3918
1239 3717
3269 4301
1182 3904
1117 3685
4976 391
383 4233
1038 3677
1340 4012
4000 4628
935 3847
291 431
2727 3031
1099 3939
135 1735
2488 3947
1182 3807
4223 1773
1092 3750
951 3885
4431 1270
1092 3556
4847 3052
2086 2757
1133 3624
1160 3967
1157 3581
1137 3536
1134 3893
1101 2578
1137 3923
3878 1572
1319 3994
1175 3992
2232 2296
2246 4598
2320 2439
1048 3651
4760 2545
1038 3580
949 3859
1087 3783
1171 3661
1298 4061
1121 3800
2938 3737
4531 3141
1292 3983
4214 1988
927 3743
962 3858
1733 2372
1053 3851
1004 3639
937 3873
2339 1645
960 3747
1148 3896
1181 3829
1150 3735
1242 4013
1738 3966
2445 275
934 3749
1229 3929
380 3284
2140 625
1118 4016
1018 3632
1019 3610
1242 4098
1185 3644
2588 1069
1202 4088
3973 3342
1137 4008
1293 4081
1474 4434
1011 3900
1316 3866
949 3689
1151 4020
499 2349
1180 3754
965 3727
917 3783
2257 622
1083 3901
878 3786
1176 3551
1155 3528
3057 2744
1413 3941
987 3928
1179 3679
1181 3815
3697 4194
2331 1513
1285 3227
1169 3744
1197 3574
1031 3735
1254 686
1392 3923
874 3819
1262 3933
1009 3619
229 2963
1731 2191
1086 3770
1077 3653
3963 246
1224 4119
1231 4040
2753 4715
1007 3848
271 3282
1169 3608
1279 3807
1206 3800
3822 2769
1369 125
4733 2101
3474 4181
1089 3809
1865 1935
1085 3927
4932 1523
1034 3668
1093 3631
1154 3804
1134 3602
1104 3777
2687 4453
1147 3607
2899 1082
992 3908
1227 4073
2380 2050
1008 3861
1130 4002
1019 3919
1188 4076
1272 3864
606 4878
1198 4036
1228 3765
1775 4528
4520 4560
1180 3972
1269 3736
3490 2306
1291 4055
2623 368
1261 3835
1244 4124
1037 3813
952 3643
1291 3834
1236 3850
4126 4887
1886 2721
1176 3648
1167 3846
2217 2846
1147 3713
1661 2127
872 3793
1187 3978
4047 2898
1662 3349
854 3814
1310 3962
1015 3601
3399 2561
164 4898
1218 3956
1999 828
989 3699
1088 3644
799 4038
1182 3710
1306 3910
1003 3711
4872 1642
882 3753
941 3840
1323 4046
1214 3879
1223 4106
294 1893
1136 97
1168 3921
1081 3604
989 3869
2347 2273
1259 3809
1107 3788
2947 934
1296 1827
416 4494
2278 3505
3420 3414
4698 2968
3291 3739
1152 3788
1147 3898
3533 3797
1377 3983
912 3718
4365 535
989 3784
1118 3761
1177 4018
1199 3724
2051 885
1035 3646
3108 4179
1174 3692
4123 4340
1237 3948
1107 3614
1258 4051
1047 3576
1185 3782
1078 3670
1349 3959
3517 2226
4772 1657
1189 4089
1158 3753
2440 322
4975 2893
1057 3818
1120 3787
2737 3179
1323 3961
1534 4494
2473 4219
986 3915
1072 3758
1212 3729
1864 2195
1551 3269
1201 3990
2241 1487
1385 3917
1071 3745
1016 3880
1114 3709
1357 3893
1179 3582
1295 3843
4874 602
1148 3981
1107 3703
1056 3975
1087 3698
1356 3965
1542 570
915 3757
1198 3843
1406 3935
1301 4015
1039 4962
904 3699
1304 3969
1058 3831
1178 3861
1074 3954
1032 3615
1097 3913
1008 3946
898 3706
4714 82
1207 3813
1236 3783
1193 3565
915 3842
1156 3603
1161 3980
967 3668
231 663
1280 3827
1152 4033
1983 1584
1496 1513
1187 3697
1183 3841
1176 4005
1268 4514
998 3587
1022 3703
1141 3720
1241 3830
812 2085
1268 3855
1598 4639
4657 2741
1214 3904
1153 3791
1141 3836
923 3861
1088 3711
3776 3553
1168 1618
1573 3855
1118 3846
2436 689
1058 3625
1246 3980
1127 3793
985 3647
3115 178
126 4256
1069 3974
3416 2153
940 3657
155 3026
3971 784
1122 3898
1275 3284
2565 2920
1502 4913
1182 4083
929 1071
1269 3939
1095 598
1966 2880
1139 3686
4595 2333
2309 4696
2061 2849
1076 3370
964 3884
1080 3692
1020 3588
3709 2231
1418 3418
1142 3733
1072 3673
4271 4138
1192 3873
1135 3812
1224 3779
4293 3765
798 4417
3442 4752
868 3741
4966 1918
1052 3838
1117 3588
3502 2311
3975 4029
1104 3919
1020 3762
1254 3829
1106 3860
1108 3689
4461 3292
3507 3483
1162 3823
2714 4256
1096 3815
2644 4664
1146 3920
953 3741
1907 2635
4831 4147
1001 3940
4135 3036
2424 1253
1128 3831
1039 3669
1204 3944
1222 3897
1027 3768
1122 1711
517 4447
1086 3685
1046 3845
888 1373
1146 3726
1913 4555
1026 3670
1033 3846
1172 4038
358 3470
1295 4022
525 1995
1233 3896
1075 3797
1235 4092
1149 3994
142 969
1176 3920
1384 263
1230 2985
4129 1684
1124 3924
1003 3796
866 3800
979 3739
1179 4044
3679 835
1224 3756
956 3695
1221 3725
1075 3736
4928 1338
1172 3639
1107 3873
3967 3108
1877 2238
1136 3825
1000 3672
911 3790
4079 3173
686 3073
1018 3651
1221 3995
569 2582
1250 3947
3101 3273
1201 3874
2860 1476
1213 3610
1316 4040
1164 3815
368 3766
1184 4024
1718 3810
875 3747
1178 3798
2348 3056
1553 2409
4319 3779
1173 3966
1084 3829
1042 3686
2725 2518
1259 4064
935 3677
1326 4000
28 4613
1033 3761
1200 4062
2682 4583
973 3746
1841 1044
1205 3883
3412 4449
1364 3899
1286 3905
3412 4359
1378 3911
1266 4070
13 1266
895 3752
1224 3949
1074 3699
1152 3948
389 3245
1311 4060
1052 3660
58 4043
1017 3638
1278 4056
1149 3854
3360 3852
3335 539
1195 3812
2386 220
4139 513
3879 562
996 3705
4926 1975
2262 814
928 3841
1747 4317
3290 2482
1280 3997
3822 977
1088 239
1052 3563
1056 3572
1124 3822
1294 4009
585 1159
1205 4042
995 3692
1007 2328
687 199
1325 3902
2752 90
1267 3877
1252 3819
1091 3750
1316 3955
919 3724
1027 3853
1115 3807
976 3870
913 3731
1134 3884
1143 3598
4361 3186
1031 4300
1804 1945
1212 3826
1108 3886
976 3700
1411 4978
1203 3761
1353 3926
4905 1683
1296 3865
649 1814
1184 3860
1176 3745
1568 842
2331 1089
1055 3594
682 1727
1176 3842
1222 4008
830 3443
978 1210
3971 4317
1076 3725
1323 3876
3073 4206
847 4379
1365 3997
1231 3699
1055 3707
1325 3987
880 3727
1289 3944
2240 2876
1196 3887
3715 4499
3476 4175
1122 3672
1333 3921
1117 3833
405 1547
1219 4054
2439 416
1108 3716
1293 3911
1164 3764
3187 3684
729 4115
1359 3919
2447 1455
1034 3774
1107 3958
902 3758
4174 3926
1186 3719
1651 3773
1341 3940
1165 3947
1277 1774
1200 3892
1231 3242
3387 3113
2813 436
920 989
857 3768
1050 4898
1112 3853
1188 3906
994 3764
1066 3740
988 3771
1229 4014
1233 3981
1336 3875
249 2420
4425 23
1224 4034
1135 3897
4571 3115
1674 395
1122 3813
4173 2469
1070 3902
1020 3847
978 3896
1141 3890
970 3622
1328 3941
1037 3898
1596 3896
1931 2265
4317 1550
1163 3921
1298 3891
1334 4019
4781 2966
393 4294
1144 3576
925 3802
1190 4017
1048 3701
1307 4008
1179 3874
1168 3816
1042 3623
1419 302
1171 3564
1116 3610
1333 4006
899 2974
1110 3912
1125 3800
1724 4007
1022 3641
1331 3895
985 3817
4095 2581
996 3790
1209 4009
1208 4081
1196 3790
118 4314
1127 4048
360 1867
4767 3700
998 3901
1012 3913
1255 3927
1044 3649
496 3047
1129 3819
998 3731
3036 3481
2217 4166
3026 4744
1780 3667
1203 3931
1184 3666
871 2164
1115 3729
1095 3802
893 1783
1198 3781
4650 2237
2735 1161
1001 3685
1089 3979
1332 3993
2812 106
4291 4459
1133 3786
1109 3984
901 3830
3190 1164
1200 1192
1222 3838
3730 1925
1171 3770
1267 4083
1168 3731
1282 3838
1299 3852
1579 2823
1168 3533
2993 2526
1223 3936
3239 4301
231 272
1159 3869
1051 3682
1186 3880
910 3862
1402 4067
1806 4684
892 3798
3241 1078
1059 3844
1205 3787
1183 3926
1102 3893
1145 3845
1013 3841
2903 148
1158 3559
1297 3963
915 393
1519 2994
1038 3826
994 3934
1014 538
1005 3652
896 3850
626 4478
3345 3770
1190 3932
1219 3866
1134 4054
1169 4084
1256 3940
1320 1999
1199 3879
4048 4278
2729 476
1905 3160
2504 4619
1101 3795
1187 4063
1137 3730
4971 4594
1123 3553
1127 3562
944 3794
993 3921
1104 3583
914 3744
1136 3655
1036 3630
4906 3075
449 2103
4221 2783
1126 3875
2206 4042
100 1489
1126 3695
999 3829
967 3838
1051 3585
2536 3354
997 3718
1091 3772
1127 3708
3503 795
1150 3929
382 3454
1104 3749
2459 2736
1152 3778
1253 3797
1531 1195
48 4787
1036 3970
951 3800
4864 178
1209 3795
1527 3358
3169 4161
1178 3895
2053 3490
1274 4004
3344 3528
418 1267
885 1760
1234 3909
1086 3855
1062 3968
1186 4050
3757 1863
1131 3845
2751 548
1092 3653
1019 3749
1070 3555
990 3797
1136 3849
1302 3858
1276 3945
1226 3906
685 1584
1233 3811
2774 3574
1139 3949
983 3876
1374 4742
1404 663
1014 3854
4934 1847
1035 3957
2712 4987
369 826
1576 1853
3828 2326
1047 3688
1001 3770
1126 3778
1271 3880
965 3897
1183 3756
1222 4093
1866 4281
1083 3657
1267 3998
4703 3458
1541 699
514 2982
955 3682
1140 3858
3723 3717
3980 1376
1092 3848
1179 3776
1038 3741
1219 3672
614 3014
1035 3617
3519 559
1230 3857
864 2853
1254 4603
870 3767
1057 3733
4595 4305
1281 3925
1218 3871
1231 3870
1113 3781
1290 3957
202 2897
1238 4131
1241 4000
160 722
1126 3950
3279 1294
845 3782
1077 3692
1058 3916
713 4868
1239 3889
1135 3727
1010 3717
1289 4029
1245 3779
4971 1657
516 4877
1113 3866
1007 3763
916 3855
914 2526
1032 3918
914 472
1029 3794
1332 3908
957 3878
4733 921
1116 3990
1301 3808
355 1403
1121 3885
3885 2172
498 2034
1046 3760
1012 3828
2369 2363
593 605
1265 4016
914 3829
1196 4010
1116 3369
1169 3914
1126 3681
1917 4554
1172 3542
1125 3767
1197 3938
929 3854
693 4815
1005 3822
1217 3619
1016 3710
3146 4491
1275 3798
3240 4830
1188 3869
1061 3656
4006 1694
1180 3887
1228 4086
1183 4096
4822 2304
4536 4431
4558 4516
3021 2086
1560 1169
1010 3802
1000 3587
2934 3743
931 3710
1143 3831
1065 3922
1296 3821
4966 3608
2651 4501
1170 3927
1633 4098
527 264
3187 770
1130 3832
1006 3920
4125 2238
4965 3339
977 4767
1346 3920
1324 3974
1050 3982
2430 1931
979 3654
1248 3810
771 1757
1101 3552
4129 2856
13 2480
1077 3823
4280 1933
986 3660
1082 3582
3839 227
1264 3874
3154 1179
1233 4877
1203 3636
981 3680
1163 3740
2784 2433
1031 3637
1255 3842
1173 3714
3544 2166
1120 3957
3228 2170
2037 769
946 3650
1144 4014
1268 3926
1396 3945
954 3839
2495 1861
1389 3969
1095 3887
4231 4848
1062 3883
1157 3843
1272 3893
3252 3741
1113 3951
986 3830
1217 1070
4811 1947
1280 4082
1068 3961
1244 3898
1339 3914
3935 3399
1290 3856
1211 3865
1557 2810
1142 3814
1293 3996
4582 155
1793 3478
1307 3870
2182 3116
588 1406
1134 3714
1227 3988
4773 30
1150 3752
683 4223
4676 521
235 852
4525 4215
1305 3897
305 4259
1042 3793
564 1068
1649 4627
1253 4071
1075 3639
1985 1308
1508 3818
1175 3822
929 3684
937 3703
1062 3634
1367 3938
3604 520
1207 3742
1159 4039
1060 3772
1192 3587
1305 3982
1202 3755
1096 3565
1258 3966
1629 4582
1188 3772
60 44
1111 3817
1133 3818
51 4531
1063 3896
1201 4075
2192 4077
4926 705
1138 3708
1145 3651
911 3705
1183 3785
1156 3797
394 4618
1118 3663
1771 4932
3319 1170
1039 3655
1054 3616
1122 3983
1173 3520
1089 544
1278 3886
3452 532
1299 3904
615 281
1133 3701
1638 55
353 4896
2801 2436
1134 3699
1260 4077
1115 3892
1055 3691
3589 810
913 1932
1210 3676
3413 381
907 3823
484 2470
1143 3889
3771 207
1224 3659
905 3797
1180 3802
3130 1144
1302 395
1020 3677
1089 3724
1298 3874
4944 3386
1007 3593
1058 3661
1141 1584
3051 3298
882 4414
1590 2364
938 3716
1242 3928
1160 3903
3050 3441
1218 4041
2586 541
4445 31
905 3712
1845 4286
1294 3924
906 3725
997 3888
1226 4060
1017 3893
1289 3781
2456 3093
1120 3716
1065 3665
3252 3819
2554 1314
1040 3682
1302 3943
1161 3784
1126 3780
1083 3754
1039 3839
1217 3773
1169 3829
3318 17
1280 3882
1041 3780
2686 3085
255 1959
1141 3805
1212 4048
1203 4101
1200 3605
1155 3722
1060 3687
1272 4063
1080 3723
1208 3623
1085 4674
978 3641
1112 3601
1141 3642
1085 3842
1197 3671
938 3801
944 3879
1276 4030
4902 3074
938 3886
974 3759
1413 167
956 3780
1205 3957
4016 874
1225 3877
1687 3492
1254 3999
4043 207
4928 1421
1119 3859
828 4635
412 848
1205 3689
2532 4632
3503 2562
1109 3729
1222 3800
2879 3425
1730 1961
1229 3743
1090 3737
3158 4886
1093 3728
1341 3918
1090 3992
4973 4510
1077 3908
144 2338
1080 3947
1103 3821
1157 1504
1126 3865
1276 3776
3527 4882
1191 3900
1150 3837
2724 3414
1053 3681
1096 3900
1199 3821
1220 3747
4977 1621
1031 3650
1588 120
4637 1746
3623 4188
3862 2112
4260 2269
1290 3872
1821 3277
1119 3835
1240 3792
1169 3899
1121 3715
941 3670
1261 3718
1631 2497
1189 3919
1249 3788
1198 3746
1149 3739
350 4126
1143 3792
1880 4469
1303 4041
1138 3936
1124 3839
2269 1987
1102 3978
1341 4025
1809 565
1215 3760
1210 3937
3933 3728
1137 3633
1265 4057
1156 3700
274 3763
3308 3402
954 3341
1161 3881
955 3767
2871 3353
652 1038
45 4800
1582 2859
1253 3894
2087 2292
1173 3908
3619 1925
1250 3862
4201 201
1228 3862
2797 613
1166 3674
1204 4029
1015 3867
1958 4372
1476 4866
2607 1438
921 3750
3473 2855
1061 3955
1780 4401
4052 4263
1142 3903
1238 4046
1138 3611
1066 3765
1059 3674
4334 1354
1262 4103
1187 3600
57 2298
3677 3668
1289 3878
972 3903
1277 3851
1195 3618
1155 3817
826 3790
1104 3680
1047 3773
1273 3821
1249 3885
1177 3529
1139 3783
1058 3722
1331 3980
476 3432
1024 3729
4722 1841
1217 4028
4669 3104
1252 4058
2708 3776
4098 30
2909 1422
1174 3894
4748 1055
254 1467
1940 775
638 1048
1309 3864
1229 3840
4699 1106
1268 3841
1151 3616
1218 3694
1196 3596
1043 3891
1235 4007
1050 3812
691 4720
1169 3802
4371 4851
1220 3982
1076 3714
3831 806
1074 3784
464 3271
1147 3968
970 3792
2999 3160
927 3828
27 2826
975 3772
1190 3922
1081 3790
2968 3982
1234 3994
1170 4012
1185 4037
1162 3993
3092 3034
996 3875
289 3400
1006 3750
4468 4161
1727 3041
1146 3823
1070 3647
931 3880
1054 3864
1051 1727
1399 3929
3611 4828
1343 3881
1224 3864
1200 3799
3587 29
2854 4698
1042 3589
1448 1052
899 3804
1034 3859
1181 3763
1173 3881
2788 2316
912 3803
1120 3702
638 1920
3867 4300
1231 4125
317 2010
2047 2913
1232 3677
946 3820
1276 1690
1208 3914
2338 126
985 527
1132 3858
1015 3697
4289 134
1279 4069
4027 1214
2012 488
3576 836
1175 3737
988 3880
1177 3848
2898 534
1275 3932
505 3580
1343 3966
3190 1697
1171 3855
1061 3700
2388 1101
1192 3878
4682 3084
1156 3915
1308 3851
228 244
1868 1391
3332 3537
1131 4015
1099 3854
1080 3777
1193 3801
1834 870
2551 1425
1278 3971
1950 2113
1078 4006
1894 1062
1113 3579
1011 3592
3078 4447
1209 3839
1164 3524
78 979
3385 3074
1007 3933
1128 3637
1715 1630
1167 3803
967 3753
928 3671
2478 3437
1275 3847
3739 4801
2808 4856
1350 3972
735 392
1227 3818
1204 4114
124 3214
1062 3731
1084 3999
1315 3857
1360 3932
1161 3590
917 3868
1067 3948
1329 3954
1699 4669
1288 3803
1368 3951
1028 3606
1313 3835
3167 3421
566 195
1069 3804
1664 533
939 3814
4104 1123
872 1828
1130 3593
1212 3793
2521 2030
3118 2395
637 462
853 3801
1344 3894
322 1247
1205 3592
1119 4221
1162 3738
1193 3759
1765 834
1273 3991
90 3358
1231 3796
2079 4511
197 3639
1023 3801
972 3648
1285 2733
3420 4663
1274 3834
980 3922
2685 3566
943 3866
1122 3728
1085 3757
1284 4049
1131 3862
916 3770
1030 3892
159 25
1187 3891
4857 1517
1222 3923
979 3909
961 3845
1070 3652
4664 2335
294 3445
2063 3372
923 3691
4039 4277
1078 3573
1243 3856
1256 3828
1109 3570
2783 1629
948 3761
1171 3940
1279 3984
3472 4525
1285 4062
968 3851
1105 4338
2713 4694
1598 3252
1401 3955
2398 2012
1277 3873
1251 3960
1181 4070
1807 4033
1039 820
910 3692
4627 610
1076 3810
2555 854
4120 4193
1135 3677
1120 3813
1018 3736
1078 3751
973 3916
1281 4010
4186 1267
3887 4238
1217 4113
3494 662
1223 3778
1090 3600
3261 2546
1208 3817
895 4535
1069 3889
116 2410
3362 11
2030 2737
1156 169
920 3822
1280 3785
1260 3740
4862 1837
1159 3954
1051 3910
1240 3889
1019 3834
1304 3839
356 4493
1241 3915
1118 3550
1220 3897
3273 948
1064 3824
940 2460
1114 3557
1334 3934
1246 3757
1266 3802
1161 3725
1043 3636
1077 3738
1128 3540
1089 3622
1166 3960
1246 4065
951 3715
943 3781
1168 3986
1123 3844
1053 3638
1239 4144
3817 4247
1071 3830
3492 2946
1123 3747
1371 3905
1967 3756
1051 3740
1152 3885
1122 3575
1254 3872
85 3760
1130 3690
886 3720
1215 3917
2426 2317
1149 3824
2142 957
1146 3785
1319 3909
3489 3878
3099 3239
2837 1091
1164 3718
988 3686
1104 2830
1076 3980
4704 2025
1232 3883
1083 3986
1200 3807
1158 3771
117 1064
2980 1308
1099 3790
1177 3723
2161 1648
4421 3047
1220 3812
2163 1847
561 717
1216 3930
4196 2429
1226 3712
4123 382
1057 781
2545 804
906 3810
765 358
4090 608
1218 4126
1047 3673
4789 2183
1147 3798
1165 4032
1146 3955
968 3681
1142 3620
1181 3538
1283 3951
4381 830
1246 3854
1934 2415
1142 289
956 3865
2725 1712
4232 2442
1382 3963
4701 216
1059 3929
1213 3707
1229 3646
710 905
2097 1486
1028 3866
1124 3725
1087 3666
1189 3847
236 4242
884 3779
1645 1044
1058 3746
1079 3764
1158 3656
1197 3853
642 4356
1065 3752
1117 4003
1093 3776
4250 271
1216 3738
1241 3867
4461 3002
4051 4044
3924 3872
1057 3647
1033 3931
1315 3942
1259 3894
1030 3659
969 3864
4134 3337
1217 3716
1342 3953
3254 2097
3972 3543
1114 3879
1275 4017
959 3904
1145 3857
983 3791
1064 3654
1245 3967
1258 3881
1231 3893
2144 1446
1131 3668
1213 3976
1023 3619
1159 3537
1045 3620
1274 3919
2248 2322
29 934
1128 3721
1243 3726
1159 3784
954 3754
4041 3768
2435 1223
889 3759
1046 3695
821 890
969 3694
1217 3858
1163 3837
1170 3757
3522 2868
1883 201
1313 3989
2114 1223
975 3687
1155 3902
4431 2903
1261 4090
1176 3835
1255 3753
1055 3877
1110 3997
1312 3903
3690 3641
407 1228
1321 3935
1260 3992
1256 4025
982 3778
1074 3564
1550 3914
429 3804
4256 4920
840 3802
1070 3749
1106 4030
1270 3952
1812 2614
962 3773
1047 3858
1189 3750
2553 1534
251 2741
1036 3885
1083 3816
4151 3179
1113 3676
4003 2
1201 3820
995 3862
1054 3694
1040 3937
2260 338
1109 3899
1373 3931
963 3701
1273 3906
1115 3722
1750 2663
4311 1431
952 3728
1230 3721
986 3745
1149 3563
189 1499
1232 4138
3432 4302
1296 3950
1167 3973
1075 3882
943 3696
1060 3942
1141 4060
1318 3896
1067 3863
1242 3843
1322 3948
2603 4249
1191 3609
833 3796
1817 2046
1247 4078
1338 3901
1192 4043
1248 4091
1163 3546
1178 3946
4689 248
1182 3828
1287 3833
1111 3925
4379 4255
1026 3650
4325 4111
1225 3831
1149 3757
1191 4030
924 1203
129 2793
2221 2212
1523 4588
2585 2485
1151 3907
887 3818
1897 2653
1159 3925
1116 3735
1069 3719
3618 1991
1198 3951
977 3883
2085 2184
1023 3886
2348 4860
3182 394
1345 3992
1477 3867
47 2615
861 3820
1026 3840
2751 4021
1558 3994
4823 2684
1349 4802
1216 3641
1094 3874
1063 3811
846 3795
1079 3745
3943 930
3681 3386
1313 3916
4438 462
909 3764
1111 3720
1097 3543
1157 3758
1150 3638
1820 522
1136 3740
3727 2954
4088 3458
1008 3776
1079 3648
879 3799
899 3719
2420 950
4479 4050
1127 3756
1285 3772
894 2355
1185 3867
1156 4000
1154 3550
1236 3686
1191 3945
1503 2781
1105 3762
1033 3593
972 3818
1233 3752
1112 3683
1247 3823
1108 3801
86 322
1876 2190
1114 3794
1172 3868
1095 3972
2554 4051
511 1481
2359 1496
1190 3825
3176 3582
1314 3929
1265 3727
1347 3933
1354 3939
2904 2365
3536 1435
1179 3873
1129 3809
3100 1893
574 132
1249 3691
2324 1727
922 3848
4975 1894
1027 4581
1151 3519
1091 3675
62 3818
1210 3767
933 3736
1188 3675
336 2923
1099 3596
3673 1442
978 3726
3251 1728
178 4841
988 3601
1141 3739
1202 4003
4233 4842
900 3732
1219 3969
1123 3650
1215 4002
1186 3816
1005 3907
3567 2774
1105 3847
1174 3979
1147 3883
3329 3337
226 2229
1115 3826
3834 1781
1025 3657
1076 3617
1167 3652
1171 2014
2852 4981
1121 3694
1299 4074
2477 3522
2600 3489
1387 3943
2240 3172
1029 3709
1214 4074
1146 3629
1160 4052
534 543
1100 3574
4812 1328
2809 422
3278 3229
1181 3732
3359 661
1317 3883
1202 3918
4351 3505
4459 249
1155 3625
609 2851
1089 3719
917 3698
1011 3730
1195 4082
1584 355
4710 3356
1259 3859
1221 3825
428 1383
1172 3783
1132 3773
3644 1441
1294 3865
4587 315
4403 2341
1311 3890
1813 3410
2245 2174
1084 3744
1253 1503
1090 3822
1226 3890
958 3636
1287 4003
980 3667
980 3752
1061 3785
3538 2480
4903 961
1988 2165
4905 2785
3075 1693
1239 3974
1146 4040
1219 3769
1840 3505
1122 3866
989 3614
1262 3793
214 1156
3860 4422
1041 3611
1114 3964
1061 3559
1228 3831
1286 3847
1357 3978
2060 3979
896 3765
1220 3650
2052 1768
4770 2222
1032 3663
3832 1469
1145 3554
1329 4039
1374 3944
4080 2056
1030 3637
1105 3561
171 1477
1207 4068
1160 3612
1281 3840
1154 4059
1098 4011
1082 3776
2036 4922
1097 3998
1649 2660
114 853
1112 3698
527 4185
4655 1600
4342 2903
893 436
164 1583
529 354
1261 3815
1302 4028
1309 4034
3708 4292
4857 4704
3457 4901
980 3837
1394 3949
2927 4967
1195 3997
1257 4038
1230 1155
4345 3770
4979 4372
2934 1392
1150 3832
1174 3809
4795 1596
1082 3718
1352 3998
928 3756
966 3740
1072 3705
1140 4047
4404 1892
1055 3792
1137 3827
1303 3871
1272 3767
1092 3933
1161 3687
1260 3907
3127 2050
4978 2133
4314 525
1052 3668
3974 2249
3239 4785
4787 4997
1171 3758
1155 3916
1190 3631
1184 3763
4572 587
969 3779
1199 3627
4573 1149
965 3812
312 4075
1141 3975
3874 1415
1167 3888
977 3628
101 3560
3521 4532
282 309
3930 4422
1380 3937
1133 3527
3216 4178
3152 2343
3185 3924
1278 3829
1044 3904
1175 923
1163 4006
4737 22
961 3675
785 3169
2188 1329
3824 983
4915 440
4970 1217
1082 3888
1002 3596
1184 3854
987 3843
4280 3507
1271 3886
1086 3688
1175 3767
1305 4067
1625 3917
1130 3747
945 3722
4637 2796
2487 1333
1049 3714
1122 3769
1072 3843
1073 3586
1345 3907
4788 2375
1346 4005
1030 3807
1047 3943
480 706
1215 3857
76 4142
4382 4411
1182 3613
1270 3811
1204 3711
2784 1488
1100 3697
1185 3741
2036 2472
3670 1146
1210 3852
1229 4099
1012 3743
970 3877
1252 3973
3020 780
1216 4015
2040 2495
1144 3759
1166 3771
1235 3805
1021 3690
1207 3898
1196 3925
499 182
1167 4058
1023 3716
877 3773
1133 4041
1088 3966
1213 3804
3544 2902
524 4580
2448 3239
4121 2283
922 3678
325 3991
2228 2022
2250 629
1110 3827
1166 3577
4531 1529
1164 3912
4841 126
1213 3806
1102 3724
1493 4212
1232 3774
3200 1797
4956 4616
1241 4085
1014 3939
1227 3903
954 3669
1150 3922
1225 3637
4665 3142
1556 2588
438 497
1095 3587
1264 3959
1228 3668
1386 3930
1194 4069
1225 3483
1184 3939
935 3762
968 3766
1208 3826
1132 3840
1101 684
934 3664
4129 4359
1230 3818
1130 3917
1115 3632
1103 3906
3848 4762
2454 689
4777 4119
1136 3910
4476 4944
1366 3925
1223 3851
2830 2063
1284 3794
1235 3922
1237 4118
2861 2564
1264 4044
1204 3614
1044 3532
4121 1985
1262 3848
1684 1836
1100 3867
1081 3875
1021 3775
1103 3991
1138 3805
1053 3766
875 3832
958 3721
1124 3628
1224 3853
1043 3664
1337 3888
944 3709
1265 3824
234 3587
948 3846
73 1769
2229 2391
864 3774
1249 4104
418 3760
1145 4027
1027 3938
1098 3812
959 2140
240 951
1147 3704
4723 1397
1188 3991
1381 3950
919 3809
1043 3806
3916 1667
1851 66
1296 1199
1237 3858
1131 3765
2251 4719
786 1624
2890 503
1044 3819
1214 3989
1129 3904
1116 3905
4705 1897
1050 3607
3088 2786
3560 2220
1309 3826
1051 3655
4411 3022
847 3808
1263 3861
1327 3928
920 3737
2697 3006
4686 2848
1206 3764
1335 3947
329 1890
1210 3773
813 888
4066 858
1167 3555
1099 4024
942 3853
1254 4084
1063 3612
1311 3975
4605 2230
1009 3072
963 3871
1090 3907
2432 160
1177 3917
2105 4087
1248 3921
144 3355
3840 2222
1065 3568
1128 3806
656 3663
462 1132
1202 3658
856 121
991 3640
2369 2399
1013 3926
1154 3744
1028 3951
994 3849
4063 644
1195 3912
1042 3878
3695 2235
98 4404
1158 3856
895 3837
354 4080
882 3838
327 4053
1153 3863
1239 3804
4343 3225
73 2646
2945 2511
1146 3532
2565 1638
1083 3731
1030 3722
4643 4448
1168 4071
1372 3918
1060 3581
2164 1919
1222 3703
1161 3895
2927 4002
2506 3592
1371 3990
1119 3544
1177 3763
1102 3808
265 2846
908 3836
1182 3743
1266 3985
3863 2853
1152 3691
1643 2714
743 638
1134 3796
1084 3732
1162 3665
546 3447
1256 3731
2105 2003
1024 3597
976 1936
1042 3963
979 3824
1262 3890
1140 3962
2904 3899
1700 772
1073 3771
1074 3869
2711 777
1160 3882
1209 3892
4097 4055
3084 2806
1153 3961
3982 616
1133 3956
1878 4939
1315 4027
4571 4343
1344 3979
1079 3551
103 1464
2325 4735
838 3776
1352 3913
953 3656
3808 3543
1138 3851
2837 4119
1029 3964
1088 3741
1273 4417
1302 4442
1125 3937
1960 2483
1101 3965
2258 4856
1057 3648
1191 3775
2757 397
1092 3678
1163 3934
1219 3799
1266 3900
1139 4034
1010 3614
1237 3761
1283 3866
1400 3942
1154 3647
1269 3854
1234 4079
1071 3727
982 3608
2829 4568
1177 3820
1126 3584
1101 3880
1287 3918
3507 3026
1240 4072
879 2410
1288 3931
1015 3952
1211 3950
2423 299
1212 3632
1153 3876
1063 3726
1046 3930
1746 3862
4575 2020
3382 2206
1981 3332
1180 3657
3769 2902
3308 4183
1166 4045
3023 319
1218 3791
1288 3846
1087 977
1249 3934
1595 3609
1234 3824
1132 3646
4399 4683
4066 2017
1219 3884
934 3834
245 804
1181 3900
4707 4808
4072 267
1130 3884
1196 4095
931 3795
1165 3862
3820 561
1355 3952
3285 2261
2189 1805
289 4449
1209 3601
2149 4338
3368 2041
3689 1574
195 2482
1056 3720
922 3763
1073 3856
1247 3735
1175 3670
44 413
3527 4022
1305 3817
1388 3956
1238 3791
2143 2138
1358 3906
1225 3962
499 715
4445 408
2895 3363
1056 3890
1646 2299
1137 3838
1149 3909
1128 3734
4112 3794
1123 3911
1018 3906
1201 3777
1109 3814
1793 1951
439 1300
22 1255
3112 4674
960 4432
1207 3645
1172 3930
1225 4047
1187 3794
1117 3748
1194 3834
1137 3753
625 4712
2371 1268
315 738
1144 3929
990 3627
1240 3902
927 781
2291 42
3966 3716
1206 3970
1136 3995
1196 3840
1013 3756
1194 3737
1226 3809
1837 1205
936 3775
2792 1864
4111 2448
893 3811
1005 3737
4493 2349
1282 4023
1118 3857
1189 3749
1299 3989
225 586
88 2653
1225 3792
1639 2593
1113 3696
1218 3786
1157 3928
1244 3704
1155 3732
1358 3991
1303 3861
1084 3659
1144 3770
2169 2377
1834 3235
1135 3774
1099 3693
1194 3814
371 3618
974 3674
4987 3652
84 330
1107 3711
918 3711
1080 3862
2503 4465
4356 148
2845 2165
4966 2910
1276 3860
958 3891
3219 1571
1258 3784
1009 3874
4390 3367
1096 3662
1169 3511
1161 4065
1119 3774
1254 3914
2100 4282
443 1370
3626 4048
1033 3676
984 3634
1021 3860
1244 3954
1274 3820
1298 3976
1147 3801
974 3844
1206 3667
4767 341
4280 3375
2150 2055
1277 4043
597 1500
1186 3965
4886 3281
1067 3693
1214 3819
1092 4018
1163 1334
1062 3713
1188 3578
1230 4027
3449 3123
894 3739
1492 1998
3078 2873
1056 3805
284 4567
4575 1014
1552 1150
1056 2360
1287 3825
1095 3684
1109 3527
1257 4123
1256 4110
1295 3852
1183 3688
925 3717
708 1598
1049 3629
3969 1972
1251 4130
2842 957
4653 1425
4259 3404
422 610
499 1799
1229 3844
832 3783
1138 3766
919 3697
1128 3891
1199 4049
1093 3691
2064 2100
858 3781
1112 3768
1296 4035
1220 4067
1080 3626
1084 3914
1239 4059
532 1996
2100 2409
3532 253
1206 691
1194 2863
1125 3703
1011 3815
1265 3972
1198 3649
1035 3787
4379 1666
2581 3971
897 3778
903 3771
1168 3727
959 3649
1124 3754
3066 2995
1295 3937
1324 3889
1129 3734
1143 3695
930 3697
4849 877
1297 4048
1014 3623
3233 4733
1121 3791
1339 3999
1448 2822
3452 2765
2389 2764
1217 3943
971 3720
3428 1611
1837 3648
1245 3876
966 3910
3924 4630
1783 496
1335 2804
4950 3196
1004 3724
1045 3832
3492 4083
4344 3835
889 3844
1338 3986
1045 3747
1124 3531
1081 3705
1184 3769
188 3944
1291 3885
1218 3888
3936 497
1375 3957
1251 4045
1180 3851
1043 3567
1083 3560
1174 4064
1029 3624
1165 3599
1059 3603
1104 3834
1282 3938
1952 4438
1359 4004
1071 4000
1275 4102
1016 3795
3870 373
1217 3910
1197 4108
2500 1256
1180 3560
1267 3913
1259 3979
1110 3548
1045 3662
1119 3944
1002 3698
1221 3910
1162 3762
4048 2659
1336 3960
4818 1019
987 3758
1237 3863
305 1973
2442 1667
1988 1553
4666 1996
3166 1791
1163 3643
1156 3894
1052 3923
1348 3946
1293 2598
1109 3764
969 2646
1040 3852
2781 1350
1125 4022
1114 4566
1336 2414
1099 3684
1362 3958
1105 3755
966 3825
1104 4004
865 3787
1233 3655
953 3826
1130 3787
1106 3775
881 3825
1153 3669
1113 4036
2852 2533
2581 347
4264 4619
1208 3720
1024 3814
1213 3901
1139 3880
3066 2988
993 3836
1026 3755
1199 3964
3064 1039
489 4485
1048 3956
1190 3847
1370 3977
881 2893
1206 3885
894 3824
1068 3706
4451 67
4094 1090
998 3816
4753 2789
2589 1224
1089 3894
1291 3970
4222 2154
959 3734
48 2063
1283 4036
1120 4042
1197 3865
1260 3837
1892 4741
958 3806
1216 3835
1330 3967
