3000
667 863
4776 3380
1514 2177
4275 4767
3164 2745
2977 3327
3128 1628
3858 4412
1212 3110
1355 2006
1952 765
3043 141
1960 522
2772 1387
747 594
1448 1872
521 2994
2493 2852
3902 2523
1200 1911
4160 2943
4539 987
4347 3120
2546 3579
4079 4523
4395 3445
3470 3466
1919 2898
1089 4353
3539 2494
411 3257
4581 1308
2059 1046
612 521
2789 1304
3087 828
2053 2054
4811 4406
2798 4869
4924 3103
1352 4010
950 1120
2943 1234
1022 2513
1977 3183
2712 3974
782 545
1476 4263
480 451
70 2814
851 3627
621 2866
3985 637
2086 2195
3935 2989
3091 387
3923 3195
1734 2397
4961 1084
266 2601
1424 3518
1400 780
1213 4393
2342 1161
2346 1153
3362 2180
4160 2539
947 1118
772 3661
1221 4205
1765 4377
2106 2097
2934 1229
3944 2989
568 2804
2563 1200
1910 3418
3462 418
4522 2549
1352 731
239 2392
3906 3129
4906 2961
4632 2599
3135 3090
949 1115
3944 1821
936 2208
2763 1082
1613 4192
4068 4587
1498 1127
2147 3383
1565 2660
1197 3631
1564 2915
554 4500
3550 3559
2561 1196
4688 4895
4955 4738
3989 4812
410 3256
3296 1107
1520 2039
4952 4167
3169 1171
3947 688
4668 3993
647 3314
4077 408
2548 3571
4944 4042
492 4706
246 1960
2924 3447
1621 538
825 915
1342 2296
781 2471
2304 2808
2214 3221
1186 2330
240 4318
4116 2152
3548 776
3546 1077
317 3121
3793 295
800 336
1805 4487
2106 2098
1028 1195
1987 2764
959 2864
1941 4484
3743 4165
1188 2340
985 1910
1825 1600
1554 1521
3133 1982
4158 2387
4490 4546
3929 4919
4244 4419
1331 4455
1574 2019
583 118
4984 503
3485 78
4035 2423
3138 2301
119 711
874 2467
3064 2399
4143 4429
251 1963
4843 2888
50 4743
3983 4627
3798 2492
4417 2703
4348 3121
2886 903
4201 827
2426 212
1919 3176
363 3574
3588 3454
2925 482
2752 54
1139 4365
1789 2314
1314 298
1559 2922
1809 2695
3916 697
3831 3981
3172 1477
2672 4288
1694 2980
1445 4624
519 3955
609 518
1490 1125
1918 1487
4074 4587
823 913
3659 4112
827 913
4653 1804
2377 1293
1150 297
559 4041
4291 1944
2710 3973
4207 3507
3909 91
53 2119
4071 4584
2487 3191
4852 4022
2069 3171
4153 1041
122 4032
779 3346
675 2908
1292 3954
1132 2335
1072 2293
4350 1801
4021 3904
4946 2706
2468 3182
3361 2540
3468 2321
4335 2708
2591 2538
1450 3565
3932 3410
2605 4344
3215 267
1833 1376
4474 1401
1392 3809
3972 1648
2178 3522
3057 3301
53 4743
2591 2537
2925 486
1664 930
1801 725
243 1965
2668 3099
1064 2035
1599 2970
1381 2277
4767 4723
4273 552
1473 3753
4282 4768
3935 1814
1085 1935
2051 859
2556 1306
2177 3529
3347 675
3926 3200
1870 3925
1509 2183
4864 1023
4110 2146
3163 1477
3224 514
3742 2162
3914 4660
3407 1887
3351 1232
8 2333
80 3896
1602 1157
4140 166
289 4800
670 866
2951 191
334 4369
1579 2018
2510 1403
4105 1731
1850 3630
1853 4493
2595 4083
2742 3816
440 2885
994 2402
1704 4865
3837 260
352 1011
4493 4549
1635 611
2704 2078
628 1319
3983 3512
4374 311
2603 3981
1351 3219
2672 3096
4138 4792
930 859
1334 2258
2658 4218
246 2617
3216 1010
4011 2543
2271 2951
4577 4000
2806 2973
1792 3841
1636 4828
4726 772
2030 1353
1293 3176
2043 857
57 633
1487 4578
2356 3472
3276 4932
3181 2992
1982 3172
4551 4267
3007 1460
1704 977
1551 4394
2038 4553
3230 4754
3399 692
2499 3191
4787 3433
3995 3876
225 129
3547 578
448 364
839 4784
380 4143
4348 1803
3543 577
520 3956
2028 1356
2460 3179
2151 242
3921 1452
2892 1979
4513 148
33 4261
4633 2603
636 1319
765 4260
2107 2097
2105 4221
4390 3260
1829 2751
4112 3390
4179 2263
3227 507
159 4515
4856 595
1609 4502
1300 3179
3485 2587
458 3260
1590 1556
322 3921
4381 2974
2159 1545
4293 4223
1625 2229
1054 4674
2293 4017
3550 6
2356 3465
2008 2845
2151 3391
4868 1919
4648 2845
4676 3944
1731 4682
1782 867
4186 4525
3637 2398
2221 3053
1257 3005
3166 2745
1806 2698
1589 2289
2446 3793
612 518
428 4483
2345 2856
3024 4922
584 2560
4928 1520
3426 2346
1401 4578
2681 1105
2682 3065
4646 1898
4032 1145
2748 4459
1801 3838
2960 2974
952 3105
1824 2864
2798 4872
4250 4411
856 850
4860 2265
1738 1421
4178 2261
3420 857
4601 3169
2229 794
4957 4738
4274 3606
1513 2338
1918 2896
446 3680
2716 3898
4955 4167
4776 1845
3281 1636
3908 2798
4158 3263
3922 4918
616 2505
3304 275
123 4798
3426 3776
3359 4533
130 214
1091 2017
2727 4767
1781 691
2113 498
125 711
2342 4065
306 51
2207 3472
2322 4927
3586 3458
533 2010
2253 2714
3363 4529
2705 1363
4540 989
3137 4974
1221 1705
3877 3109
3993 647
3805 804
2744 3812
2383 3353
579 3155
4969 4185
4946 1336
2947 3027
2404 3307
3291 1103
1528 4912
137 4374
1818 431
2665 3095
4721 2739
4521 2585
3387 2102
2462 1942
4817 1334
2773 3039
2561 1309
1742 749
1900 4689
709 600
1958 2123
3388 2104
1822 2757
1732 1427
2382 3350
2254 3108
741 697
259 4977
4056 777
2659 4513
3164 2743
4872 2805
121 4987
2210 2335
4170 2537
172 4596
4945 2701
4512 150
196 4188
4776 1847
2813 4493
4315 1639
4905 3293
4273 551
3504 257
2749 3054
1096 621
3282 3770
3688 1323
2979 3320
967 1595
820 192
710 600
131 215
2404 4660
2304 2806
4599 3170
1289 341
3187 2392
1440 1231
4259 4644
2705 1361
4400 1357
3471 3895
3219 4057
2742 3887
106 1247
4030 3896
2035 2591
4744 370
1806 2695
4294 4226
3994 638
3207 2934
51 4742
2931 4315
1550 2629
2851 1253
2132 1455
4674 4590
1819 426
3662 2060
374 1220
3244 4316
4081 412
20 1485
2168 3491
266 2604
23 2712
3372 2543
2359 4204
2780 4729
47 2799
2232 4283
1333 4453
1614 3251
3659 2047
771 2198
3139 4192
3917 4814
1243 2117
134 4368
3223 4747
3392 2234
4952 48
598 2723
1331 4451
2343 279
3436 2121
1359 2024
22 2711
4026 1502
1529 1328
4416 4149
3467 4263
2593 4083
411 3256
2446 3795
3532 1291
2267 2947
4817 1336
2401 2189
4787 2050
687 673
4537 647
1527 4913
4489 886
2519 2965
4996 3442
789 2367
3809 491
1586 3044
3664 4463
1940 4481
2198 4226
3198 1332
4768 4142
2858 1395
3217 260
636 3195
4782 3015
3392 3519
3293 956
4446 3658
4788 560
2207 4883
2742 3889
4432 4401
1286 2386
790 2480
2636 202
3904 2797
3853 745
4612 1369
149 1716
2787 4732
395 3898
1352 3208
2216 4248
4808 3225
250 897
967 1607
2883 2809
1474 444
1743 751
3620 2296
1375 4992
4132 4337
4152 43
3556 4062
2719 3600
4475 1400
389 803
4658 1881
4142 1621
4578 2057
4164 2944
2928 2597
135 1646
2964 4322
595 1894
1288 3955
3305 4669
4645 3919
532 2011
4021 1462
515 2602
1212 569
2536 3107
3121 4321
2328 88
770 3660
1931 1840
4454 550
3238 2065
1531 4261
4312 2607
3786 3257
102 1257
3030 4928
3108 3267
1631 2154
860 2815
3469 3467
158 3732
3874 3109
1856 1234
3846 744
1928 3997
2717 1593
2891 1977
524 1021
3910 2951
2850 1661
1799 3669
1329 3410
660 4838
1884 3513
248 1968
196 4187
3163 4744
107 2580
2894 1978
347 1016
1801 3672
880 3620
2387 3228
2822 4345
2159 2281
3294 953
2327 322
4862 1025
2934 1579
4257 2004
2523 2965
2352 2863
24 3213
1862 1234
1035 146
4025 1508
3654 2055
4366 369
3688 1768
4886 2182
3365 2547
2154 635
4681 3944
2631 3785
2597 4163
2603 748
1166 1028
610 192
3509 4797
4951 991
4623 2755
4262 2702
2444 3795
4865 1919
2894 3695
3635 2398
3363 4533
558 4718
329 133
1629 4821
1552 4849
327 3924
3163 1486
4823 1340
2401 4656
3907 2525
1246 4212
624 2860
1075 3233
2927 2597
2924 3448
120 4994
1290 3183
2855 1248
2808 1613
3165 1169
859 992
1910 1798
4837 2892
2427 3330
1753 4456
361 682
1441 1240
700 2203
3881 4928
4783 4158
664 3293
2027 500
4380 4911
4399 1362
2286 1325
3521 2987
1955 2132
4380 2974
4233 1165
2463 3171
2702 2081
1691 3360
1520 2182
2206 4884
195 4188
2217 3310
3841 2014
4204 3518
1538 1691
552 3857
4356 2058
2855 2398
1824 2753
1436 4621
2315 3634
4521 2575
4796 564
4024 1145
1205 4391
2599 4373
3777 4062
1265 1078
4816 2464
784 3346
1818 2868
4382 1930
4713 302
2048 2271
1795 4559
4549 2976
4861 592
3416 867
4770 4727
1451 1680
1564 2652
1401 1528
609 194
536 2580
4812 3228
4314 1636
3282 4936
866 2465
1387 4941
876 3765
4028 1149
2650 4222
400 2736
1389 4940
3304 276
1734 4679
1237 3950
784 3341
3102 544
2990 2228
3550 3557
3614 2294
4729 769
2815 588
3227 2062
2738 2405
1547 3047
1471 4078
1501 1906
3294 3649
814 1816
313 2363
1018 3940
1270 3411
51 3786
763 1478
3901 83
4813 2467
3851 2124
2317 81
1809 723
1707 4831
3502 4791
3472 4266
2501 2856
2305 1141
4403 3027
1440 3557
3774 4065
4772 413
130 809
2041 2056
1849 1062
1155 2391
1211 562
2423 1289
3818 4942
866 1826
1378 2276
1922 2368
2420 4132
3508 261
4860 596
2925 3448
4810 4403
952 1117
4312 2619
2960 4332
1920 1487
3764 1659
586 2727
4650 3924
3817 3052
852 3632
1787 27
647 2263
4001 3783
2602 4142
3986 818
4350 1199
4716 2884
1398 783
221 122
3985 3508
4657 899
3178 3980
2170 994
2772 2595
263 4974
2819 1413
4542 988
3049 756
130 813
4603 95
3695 4561
1861 2414
3476 3520
3188 353
2578 1803
710 3943
3760 1647
4801 2147
2260 956
1551 4849
2151 235
1135 2182
2314 2834
3436 2399
3270 2554
4455 551
4593 91
3097 385
3105 3192
428 4467
2746 4449
3680 3728
2434 3072
690 4785
4714 2884
1075 2295
1584 3044
1622 2238
325 716
1672 406
425 4480
1439 4612
4257 2703
3555 7
1529 1330
1296 4619
1695 976
1942 4482
25 3214
1731 4679
3349 4805
1940 117
1887 1935
4650 1805
2342 284
2215 3471
1306 804
2696 710
1560 2188
1531 569
127 4790
3676 2956
2003 2205
119 517
2987 1691
1358 2283
4362 375
4773 4769
805 4690
4774 4724
4912 1348
4950 49
2779 2972
195 4187
3524 2988
1862 1240
3971 4295
4865 2342
590 2890
259 4863
4753 2347
4264 1999
2354 1157
3788 169
2951 198
4805 132
243 904
4931 1724
3503 4804
3808 497
2858 1387
3371 2171
2932 1579
1059 3773
516 1070
4688 1927
2804 593
736 702
4418 4580
501 4259
1082 3436
998 3310
939 1317
130 811
2216 2546
2729 3557
646 2263
1094 2604
1294 4618
3303 276
3121 4312
647 2264
186 671
3921 4704
2256 2720
3910 4652
3051 4128
3112 4321
2374 1295
3394 687
4525 2807
1584 3046
4612 3472
2725 3326
2615 1812
2624 3785
582 118
4392 3810
1439 2058
2067 2571
269 4296
1028 3932
3587 1102
1213 3111
2893 1976
3049 758
3163 2603
4946 427
1157 2389
531 2994
12 1506
1890 115
4414 2707
2730 3557
3816 1109
863 1824
3739 2254
4484 875
2206 4883
1991 681
3045 1524
4097 1600
4253 4642
3727 2686
4393 2808
3728 2686
3728 3837
3925 4447
2427 4969
4465 4773
402 1251
3390 2103
4014 3549
569 172
1740 750
4541 986
2423 1295
2822 2623
4165 2940
3088 718
2181 3526
4602 2569
4813 3961
2400 1190
3268 2552
1259 3005
2969 4599
3044 662
1931 1838
1546 3038
3129 1627
1470 460
3739 294
286 4805
2225 3052
4748 2342
2404 3306
604 1215
1438 4338
1073 2298
3283 3878
618 3279
3192 357
1589 1556
4963 1113
4414 3083
1273 2385
3220 1069
667 869
2564 1197
257 2417
4257 2008
1182 3452
1628 2159
1092 1942
2514 651
3327 512
3309 3915
2497 2844
458 4354
1009 1718
3677 3729
3817 1113
171 4603
2338 3378
3268 2554
4959 1121
4618 3470
3491 2584
242 2621
328 1480
727 2707
2583 1840
1789 2322
1953 764
3803 2499
464 3912
3658 3023
1330 3578
2309 2046
3168 1005
2404 3852
2584 1801
1480 2108
2296 4019
3471 3898
2813 4491
707 3951
1049 4667
3955 2735
3173 4713
4145 275
943 2208
553 4506
617 2512
761 1809
2748 3876
2312 3631
2336 3384
2941 3843
771 1480
1940 125
3635 2400
4289 1945
4875 2807
3446 4583
1751 1818
645 3194
1048 4673
2465 2501
4790 566
1196 1911
3327 2052
2766 2595
2699 2079
4143 4790
29 4132
2217 3307
3088 724
879 3625
39 2805
2561 4858
4184 4527
2263 4547
4767 4143
3272 4938
397 3279
2695 709
72 2816
1474 4262
1632 2158
130 1639
338 3137
2957 2974
4999 1408
3969 1655
3981 3506
2310 513
158 3727
4810 129
2695 710
4570 2260
181 4265
1703 4843
4020 3904
2405 4653
1331 2265
3397 4938
1128 2341
4637 371
519 3956
3433 4830
4414 3026
4375 3437
646 2264
964 4802
3182 2991
142 577
1946 2129
3324 2060
3797 3254
4514 151
4848 4155
3329 512
3663 4458
1090 2008
3676 3726
2714 3893
2679 169
1088 4350
1617 4760
383 4144
1177 4456
4665 897
572 1321
4980 3095
1192 3636
953 4805
3393 4932
1598 2971
1360 2029
4954 425
2861 24
1127 3036
1861 4113
4381 2975
2237 4274
4392 3262
3278 4221
1804 4556
1625 962
991 1910
2814 4492
488 451
3575 1101
30 4260
4637 374
2316 1671
279 1950
1449 3556
1619 3348
2018 1701
4750 3066
1989 671
1515 2866
805 4301
1127 3041
3398 2486
243 2491
4657 1888
4074 3484
1041 3218
1718 808
1293 345
4980 3094
2523 2961
2517 394
4867 3040
3787 758
212 4138
4627 2931
2106 4223
3919 1446
2313 1461
4866 2265
3144 4973
4600 3167
4626 2748
673 2908
2851 722
2352 2856
4772 4764
4432 252
941 1311
4747 4696
3110 4130
506 3409
4452 556
4492 878
8 2330
3436 2129
2520 4999
65 2918
217 4904
3985 4622
2492 2362
2340 281
2783 4086
121 3129
1562 3434
393 808
3080 1825
1279 2392
50 3787
1359 79
2765 2433
2673 4295
2560 4860
2680 3065
1598 2969
4805 2939
574 820
1764 4379
3801 2880
3954 2734
3797 2498
4676 3939
131 4802
1466 712
3355 4805
4287 1352
3951 4752
3853 4655
1792 928
3517 333
2850 3399
4699 4160
4357 1199
670 1349
72 2814
3980 4620
239 4320
2717 3894
204 4137
3659 4464
2375 3948
1785 30
2698 4085
3837 3983
3089 381
4411 643
2317 1677
4439 3655
1836 3726
596 4967
3917 4448
3857 4409
2088 557
1630 963
4599 3762
4388 3808
214 126
4865 2336
2016 3010
1173 3447
569 827
23 3214
3520 335
2241 3093
799 4694
4267 1994
4710 3939
4663 889
2795 4869
2806 2966
4586 2493
202 648
4211 3514
3346 1237
443 3675
2490 3953
128 809
4527 2806
1753 842
2435 4669
1085 3233
2679 1105
3228 3813
3944 1122
2336 4071
3533 1291
1357 3214
3777 4065
3974 4620
3070 2391
750 1117
1794 923
1219 4203
181 4473
2659 4517
4253 2004
2320 1464
2513 1865
2307 3708
2003 2200
257 2418
2340 2909
4882 4418
398 804
2455 1607
3946 697
1597 432
643 510
306 4992
854 989
2351 4208
11 2333
29 4134
4297 4504
3619 3449
2437 1673
4706 4160
2110 1573
23 2711
1138 4366
3542 2487
4272 3575
1473 4264
3161 2596
3393 2487
2789 1298
4666 4005
1556 2653
2356 24
1857 335
2773 1388
1582 2394
3428 2397
165 4595
741 702
361 684
2027 1351
1214 3110
719 2705
2507 2531
2852 21
4054 778
4811 3221
3344 681
3804 2493
1753 4461
4080 4523
4337 2713
2098 2916
3963 4403
4864 1027
2318 2839
2769 447
683 666
2509 4212
2505 2848
114 4986
3166 2743
1817 3166
4097 541
510 3290
2389 2972
4981 504
859 3794
4164 2533
2294 4057
932 1993
2887 902
4208 822
1538 2629
3435 511
1540 1692
2475 4610
4647 1899
3164 4743
2762 1084
1487 2107
1150 1565
4661 2293
319 133
1263 3179
2495 3952
1738 2391
69 2920
3792 296
4797 2947
2105 488
4591 2488
1140 2797
4528 2808
1027 3941
502 5
819 191
1211 4401
4866 1025
1818 704
4572 2264
408 2966
2823 1409
4850 4022
787 2360
4181 2262
882 3623
2946 3038
2403 3852
4787 2058
3094 826
1555 3434
3490 14
3409 1890
2535 4923
2731 2414
3024 4934
1531 1328
4456 560
2074 937
3424 2344
4357 2061
3633 2396
2333 318
3988 1621
4230 1167
1228 1704
4788 3017
4661 2509
2055 863
1690 3357
1180 4462
2941 1317
1885 120
4740 1146
4432 254
1617 3348
2234 3092
3225 3824
1828 2755
2925 3447
1949 2120
3522 2989
2059 1048
874 3763
3667 2052
537 2580
642 1881
4100 540
4122 3895
100 4745
125 812
2342 2909
1627 965
2565 3718
670 1351
1825 1378
2940 2775
1526 1844
208 645
309 4991
2468 2504
526 3368
3837 258
1656 3440
957 4798
2329 3221
4113 2413
2706 1362
816 1999
4029 3891
4634 371
140 4365
192 4652
790 537
2685 154
394 799
1910 3413
1486 2100
4263 1995
4162 3270
1689 3359
2740 3886
815 1805
4626 2935
1795 3835
500 4256
347 2612
484 447
2610 4343
2797 3225
501 3404
2853 719
3164 4744
3129 1628
402 3284
2756 3052
40 2798
3132 3092
2434 3071
4347 3121
961 2290
1388 4943
4323 4913
3616 2298
1264 909
1289 349
4985 4287
4021 3905
2067 1343
918 2057
1590 1555
2516 4018
3300 1102
2222 3057
1984 2761
612 193
1145 2805
3589 1104
1705 4624
4619 2745
1492 1903
4694 4891
4036 2418
1570 2398
3522 332
4573 2261
340 2603
1798 3674
1069 1024
4318 2613
2783 1304
150 4514
4330 2710
1092 1928
1373 4667
2055 859
1390 4942
1557 2661
988 1907
852 854
3788 167
2601 4147
347 1011
1744 2395
1849 337
3979 3510
4170 4667
2555 1191
4386 3812
1984 2767
2268 953
4392 3260
24 3215
4236 3405
2739 2413
549 369
3671 2959
3887 696
619 3259
4331 4905
2929 4743
2340 4616
3308 4671
564 4724
2560 3716
1562 2188
1330 37
2758 3059
1968 525
2699 4262
338 3144
2065 2522
2241 315
1123 3299
2521 851
4140 167
2382 3229
2530 842
3930 4912
4355 4013
3050 757
3473 2320
1251 4487
407 3279
4920 1521
1918 3177
462 3912
2492 3950
1918 3176
3837 3131
504 17
3424 4735
2944 3849
4661 3998
3049 1532
2519 4996
3749 2163
643 1881
3548 574
4799 129
2742 4455
410 3257
1479 2101
2810 2589
4953 985
1448 1679
1770 696
3955 698
3838 2022
288 4118
930 1993
3043 147
2711 4975
292 3009
4012 2542
4914 2963
2517 926
4030 2422
2329 3227
1289 3959
1538 1840
1098 1594
2197 4225
567 3688
2999 699
492 500
1105 1593
2659 4357
673 2906
293 3006
2928 4742
3613 4039
2375 1290
4868 1916
1374 4985
1507 2042
339 2611
2154 1550
4484 4213
1271 3405
3833 2011
2151 4600
3418 3771
2680 3063
3425 4735
3585 1104
2847 2398
650 506
4180 2260
2319 90
4814 3960
2205 2062
2790 3218
1851 4224
2850 717
4746 362
2856 1257
1563 3038
2599 4162
2107 2098
799 344
3099 3198
4261 2697
4400 2037
451 1466
3687 1317
3637 2400
4019 1507
2819 1409
3682 449
3611 3664
2468 2501
4170 1320
405 1254
2656 1782
3549 4065
819 958
1218 561
1137 4365
3474 3898
1839 2141
3351 3082
3072 1827
4723 769
1307 797
4084 4557
1811 54
3790 2887
3519 330
2717 3336
144 1715
413 1848
1450 1239
4066 2499
1766 4380
1337 3575
3400 2230
1826 2759
105 2586
4412 2886
4473 1400
1551 3042
1543 2394
2600 4372
4076 3484
1610 1157
447 1412
4368 3441
2102 4318
845 3696
4390 3814
2263 964
1476 4078
2971 1418
218 4905
116 522
3865 4320
1636 4821
3612 4033
572 3684
609 521
3501 3960
1090 2007
2319 2830
538 2732
2712 3897
3966 1385
3913 3653
1542 3043
1301 299
1380 2275
2858 18
2639 4754
2596 4161
260 4297
1153 302
125 717
8 1512
2435 36
2654 4210
659 4837
291 4112
1290 4230
1293 4620
4818 4661
1527 1573
2663 4513
3249 4321
2797 3218
3918 3198
4784 3009
1070 2296
816 233
1042 3217
999 2405
51 3787
27 4132
4791 3427
3214 1077
4423 2889
4028 1141
4418 3075
240 3122
1699 4835
808 4300
4197 4074
1085 2605
4462 1848
975 912
3431 511
1262 902
2298 4016
910 1105
1257 3007
1980 2888
214 3690
3820 1108
131 3702
506 3404
2342 4071
4650 3919
2425 209
2223 4844
2487 2355
1813 430
1136 2182
2850 1654
2112 1085
2851 2402
3663 2659
4145 478
1608 4795
1896 4684
3095 379
1259 3007
4255 4646
4193 4074
3347 2918
2257 4543
3396 2489
3824 3045
1534 1848
2795 4872
594 1899
838 4778
1848 1061
4706 4153
4985 506
2067 1341
1963 3084
3974 1653
2256 3111
1307 292
4477 4092
2016 3006
2969 4171
2309 2038
1955 3081
2397 2977
1308 305
246 3132
290 4804
2595 4085
3918 4648
1103 624
2203 2342
3916 701
3270 2552
3164 2441
4126 4338
1813 4485
364 4583
1449 1230
771 3663
317 3117
1623 371
4630 2936
3944 2998
595 4966
804 4298
3545 2017
3732 3834
2790 4725
3618 3666
4089 3304
4988 4288
653 1642
3271 4220
3683 445
3920 4814
3829 3987
2767 2437
435 4464
4170 1322
3341 672
1445 1865
3182 2992
3399 687
4016 1463
440 1415
1028 2507
3659 4111
2851 2209
3815 2717
2258 4548
4093 739
639 503
1472 441
2296 4057
1541 2394
3426 2344
3358 2836
2582 1795
4141 166
996 3310
129 3696
1053 3779
1852 4223
363 3566
2729 3558
2170 995
472 258
4464 1013
3819 2722
2516 4030
4652 2845
3589 4154
2696 709
821 234
2726 3335
3535 2484
1965 533
985 2920
695 2203
2216 4849
1935 4654
323 3925
1854 340
1465 1399
1824 2744
821 956
2131 1456
1340 3582
1562 2190
1329 4453
51 4744
3914 4702
2983 1698
595 4967
1097 4999
3114 4135
4109 1724
1658 3442
573 176
4411 26
4382 315
2171 994
2344 4608
3291 952
4087 3302
2384 3226
3592 4152
2539 3110
3790 3250
142 1641
1287 4230
2434 4969
2132 1456
3036 1064
1844 2274
2928 2598
4897 3293
2335 3221
4433 4397
1284 3568
2804 1605
2773 945
361 3009
4849 4154
4617 1300
1495 1909
3243 2229
1778 699
365 4583
2679 1103
4782 4161
646 499
2600 743
3131 4193
4766 413
3799 2889
4871 2336
599 1900
2162 1535
2129 953
3815 492
2355 24
63 2922
1439 2061
3550 1072
1350 733
2310 1672
4481 883
4137 273
4158 1043
4142 475
3734 287
1919 2365
3663 2663
2551 1191
3786 167
2802 1611
4064 2497
4395 4988
4849 4156
4001 3791
2624 3778
4653 2285
135 1776
2206 4419
2143 4598
355 3014
4603 1372
4942 1332
4379 4131
2262 4542
1534 574
1625 546
348 2604
2071 3618
4768 4143
428 4480
1607 4803
3622 3656
4151 1046
975 3320
1243 4164
684 880
709 599
4805 2947
4073 412
235 2397
4367 374
3687 446
659 4838
1477 679
1067 2036
1026 1203
1639 3503
1382 3240
779 3341
957 3546
1982 3158
1053 3773
3472 3522
2767 3034
3986 4804
554 3857
713 4576
4075 3485
3295 1098
2214 3310
2384 2980
3437 4826
1947 4081
99 2584
4141 167
2660 1138
631 3861
390 1158
1451 3248
4361 370
2551 1187
48 4746
1114 4048
3114 3268
4948 2703
3843 3127
3505 3747
247 2495
2682 3063
2976 1694
1075 3437
1526 572
535 2170
3209 2934
1097 4993
2465 1697
4698 4897
4019 3550
3548 3557
2687 1368
1356 2283
2511 4209
359 684
4994 3912
4393 2809
3847 4659
3925 1393
141 689
1330 3411
1283 982
417 2624
1285 345
756 1811
4417 4149
2234 792
4355 2060
1244 3949
443 162
134 2247
1632 4209
3137 4108
1631 2278
2345 282
4144 1327
4686 1925
4609 1375
3192 353
132 1776
1865 807
2492 4557
1560 2190
2558 4859
1640 3495
4123 3899
2843 3406
126 807
409 2966
2605 601
4699 4153
2964 4168
3664 2575
794 2358
4393 2028
4290 1947
2197 4227
2423 213
1467 710
450 1419
859 2812
359 682
1916 2368
1870 2413
131 214
2426 3329
3835 260
3858 4768
125 2668
2843 1661
681 885
4802 127
4101 543
4197 2115
4775 3385
4454 551
4532 2541
3052 660
487 4711
3488 2578
1779 876
1885 3512
294 3008
2860 1252
4748 2347
3337 3207
2766 3577
750 1108
4770 4767
4580 4797
1314 798
2347 4200
4767 4142
4637 2602
4107 3392
1606 1153
535 2738
3424 4736
588 939
3900 2528
4799 135
3389 2101
3490 3995
590 2719
2936 4317
559 4507
1436 4338
3139 4096
1093 628
803 1732
423 2628
2435 3071
4122 2146
2556 3573
448 3715
523 1076
583 117
2521 842
4795 2050
1827 4179
4416 636
2615 1811
1401 4573
2227 789
328 1484
3681 1318
266 4978
2774 2971
3909 3132
3886 698
2345 2863
855 3792
3526 43
817 956
1183 4451
2855 27
3655 3022
2428 4669
2558 3721
2994 2224
2887 903
1515 2857
3945 1129
3972 1391
491 1368
506 3292
4792 3432
1895 427
610 2513
4808 4407
1498 1900
2259 3109
549 374
4710 3941
2158 2284
544 369
2705 4965
2358 1859
926 859
4469 2232
2971 1420
248 3124
2723 1587
146 1718
885 2948
400 2737
463 3911
1255 4486
3684 1774
3460 416
1327 2255
2015 1700
1872 3935
1610 4193
4377 648
3395 2484
4109 3397
833 4785
3209 2936
2300 4944
2771 3570
2308 511
22 2712
4631 2932
3204 3593
529 2173
3918 699
2053 2266
932 1995
4895 3720
282 1953
4313 1638
4287 1360
49 2115
1973 2881
2493 3197
3618 2292
996 3312
3971 4299
1371 4989
2158 242
4141 4785
1352 735
453 1967
1852 4225
476 256
1939 4483
3132 4101
1543 2392
2435 3072
2171 995
4294 1218
4651 1803
2247 2717
4392 2036
3670 2946
1468 713
576 1318
1758 4456
4418 25
2031 498
4146 1319
2522 4024
1550 4394
3172 1486
1422 3515
1928 4659
569 1317
3877 3106
4358 2059
3601 4846
4137 1612
518 2600
2749 3885
1544 2635
1175 3454
1589 1555
1973 2888
4126 3894
3435 4779
4143 4432
1865 2409
1614 4495
3533 1292
664 866
32 4259
2159 637
937 2250
1628 2278
2525 2272
2464 3782
50 3786
4379 1933
820 1811
1329 3412
2302 2808
1827 4180
4712 300
1364 2023
2558 1314
1284 3566
2998 2228
389 3173
3371 2180
4167 4660
4652 1806
1532 4261
1588 2286
3986 1548
1421 3520
55 641
4373 4125
1264 3410
2455 1609
2152 640
1022 2507
1654 3442
425 4483
214 3213
395 3901
998 3312
1738 1427
3230 4747
2046 860
3730 2253
4523 2540
4125 4332
2716 3327
1081 3429
2994 2232
2250 2723
1865 4497
1647 3504
2352 4612
1908 1796
4537 645
3888 699
2239 317
1520 2335
4434 252
1748 1811
4586 2488
1827 1594
4395 4987
1857 4486
2208 3480
4741 1146
443 1422
2771 447
3441 4583
4860 3038
508 3286
371 3574
1949 4078
230 2393
819 192
101 2578
526 3372
135 687
1627 4202
2965 4601
2772 2589
4155 3274
365 4582
1934 4660
4292 4225
497 12
2537 4925
3826 4640
4316 1637
3917 4811
4416 4148
594 2731
559 4036
1855 3626
324 128
988 1913
11 4213
1933 3999
2927 2598
371 3566
3179 3989
3577 1105
2214 3307
3806 1590
25 1482
4378 647
4562 4266
203 3645
4582 1310
3990 1628
1876 3929
3212 649
202 3648
2336 4065
4838 2887
2616 1812
923 2057
4098 743
676 670
675 2906
2605 3986
960 3109
3943 1813
452 362
4772 407
2813 2973
1040 2377
952 3541
586 3148
17 4217
552 3855
2850 1387
4275 3570
4888 2177
790 2471
4598 3168
1358 2281
4184 4525
3992 3868
2054 3124
4945 2051
1705 4370
630 2863
3109 4139
4752 4703
4871 2342
4599 2569
2509 1877
1883 1936
3286 3641
2894 3691
1933 1840
3357 2834
1324 2262
958 3103
1313 805
3489 78
2411 4135
3200 1330
819 231
2131 1455
2322 4931
3863 633
1839 2137
2506 4210
205 3649
1170 1024
2653 1147
2810 1607
4813 2464
4140 278
3145 4980
2580 1837
1220 1698
913 1104
1401 3800
3282 1635
660 4837
4775 4766
3487 3996
1820 2858
3050 652
4429 4396
4966 1085
1706 4623
544 2735
4941 4033
3587 1106
4116 2140
4378 648
1448 4615
379 4146
1836 3719
262 4981
1759 2348
4462 1015
2207 3220
131 156
3478 3524
2511 394
4556 4261
4957 4740
614 3258
3963 3837
2205 2066
2927 484
4015 1458
3682 1764
2189 895
2511 2079
2984 3329
3926 4611
1463 1406
3575 4360
205 4129
3806 1588
1817 4936
4714 299
1280 4243
501 3409
1773 688
2350 1165
995 2406
2886 902
400 1164
3307 4666
3997 1626
1952 763
2599 747
1841 2139
2678 169
3821 1112
1693 2981
1397 778
1532 4262
2075 2573
2465 2504
4606 1366
2465 1694
4935 4045
3860 4327
4166 2543
288 2065
1529 577
699 3948
1919 916
933 2250
291 3007
1208 10
2300 1142
962 3541
1467 3758
3786 169
930 1995
3094 718
4536 646
3335 2055
3205 4150
912 1101
3244 4326
3231 2069
1985 3180
2589 937
4738 360
3543 3382
2143 3395
1395 781
2494 2350
616 3275
3074 1835
4137 3559
210 3213
4466 1015
4719 2749
4954 2052
2797 895
3858 4769
1379 737
3579 1099
4786 3428
1267 1072
4883 4418
3074 2698
1850 1061
1915 3413
4712 3941
2701 2076
4600 88
1236 3943
2639 201
1597 2970
2769 2431
4461 1843
1170 1028
636 1327
1813 700
1281 981
2821 4340
2453 1607
1741 838
2159 1526
234 2388
1617 3350
132 1773
2521 4997
266 4866
3909 3129
281 3571
2471 3174
615 3253
4089 744
453 1464
3936 1822
702 3940
3541 3386
533 2011
3545 2023
3112 4312
2174 3525
3923 4622
3914 699
1475 4265
2940 2776
265 4301
2235 3085
3169 3981
4616 3474
961 2289
1297 3186
764 4260
1265 1171
2513 1396
446 1964
1692 3358
2051 3128
2042 4555
1750 1510
2580 1840
579 3148
121 525
3556 774
695 2208
1785 873
1039 2377
4952 417
1180 3445
4614 3468
3216 1018
1614 4195
2199 4414
4206 438
3125 1978
832 4779
565 2797
888 2951
2949 1318
3987 3879
4205 434
1621 4772
2080 3648
933 1315
977 3320
2213 3228
3956 689
2810 1022
1469 443
4771 4720
4274 3605
46 2806
134 2241
3988 816
2315 3631
1811 50
2128 952
2343 4846
1763 2342
3493 3
856 3795
3971 4400
1648 3496
723 4582
3615 3659
4516 2580
1130 3304
324 138
3472 2315
888 2945
3551 1
538 2176
869 2470
119 2664
2299 1137
3559 4069
2759 3572
4298 4503
109 1254
126 4032
2843 1654
2232 787
132 149
4515 149
470 254
331 3144
4380 2975
1628 2235
4297 4502
1745 846
4434 254
4779 2410
781 2480
4142 478
2723 1593
3139 2302
1254 1164
2554 3581
4348 1801
1592 2288
4112 1735
1171 4459
4413 2700
2169 3492
4904 2765
2952 3033
3923 4697
3239 4321
1270 3178
3911 2946
137 1634
277 3577
4929 1528
314 2363
3435 4778
4883 4417
1814 709
83 3896
462 3256
2157 2282
1493 1130
3440 2125
736 697
2958 191
2818 1026
1929 4653
978 913
3102 545
4714 2746
182 4260
1944 121
715 4584
4290 1210
4444 3653
3695 4569
129 2662
3658 4112
2797 899
2807 2581
1919 2371
1287 4227
2381 3352
3741 282
3160 2437
2300 3703
581 825
1559 1516
195 4648
442 155
1155 294
2207 4884
2883 3354
2510 4024
801 1740
11 2330
3866 4326
2727 4771
4372 3448
2608 3979
1055 4668
2294 4055
3857 4661
635 3186
4692 4901
3206 647
2094 4315
1809 2698
2646 4214
2519 2961
454 2930
2305 3696
4154 1321
3826 4643
484 455
1267 3182
2560 1199
2422 210
3351 1237
3063 2392
2030 501
2187 895
3541 1073
2017 1699
2070 2576
153 3727
1835 1384
3035 1075
2588 938
3906 3132
4963 3506
3089 835
1369 4669
1951 764
44 2283
2427 4976
4452 560
2488 4554
522 3372
1867 4495
4538 646
4020 3905
261 4868
1378 4988
2754 63
2243 317
3909 2794
1261 1070
4402 1360
4129 3565
1495 1122
4819 1334
3156 2605
1531 4262
653 3316
4201 2428
945 2379
2342 2907
3338 678
3935 2998
3453 2226
1213 3109
2807 585
1625 4764
2295 4014
661 3998
359 3965
4646 1899
1627 2155
1013 1715
7 4219
1611 4196
819 954
1250 4483
187 668
3128 1627
1797 2314
4987 4286
4950 1054
2388 3871
1028 2513
4390 3262
4950 2047
3905 2530
2536 3110
4080 4559
3532 1292
2801 899
1744 1516
1852 332
3212 2066
857 3631
982 4432
155 4510
4146 4429
2843 3399
4741 1145
2766 2589
1787 157
1127 2336
4161 2387
2635 199
1273 4245
4376 317
4135 1619
4204 2429
526 2989
1613 4768
2780 4095
2467 3786
4061 1164
3482 2581
4900 2753
799 926
3551 771
2493 3955
2053 2271
2517 400
1042 3218
4080 4522
3539 2023
2704 1362
4295 4224
1693 2980
4746 4702
4083 4560
2741 3813
2471 3783
191 4645
1436 4340
1985 677
1809 705
1372 4670
51 4751
3523 36
2607 4143
1920 1489
1552 4848
4815 1340
2967 4329
205 639
2473 4616
2583 1837
3395 3528
4909 2966
3071 2398
4819 1336
4655 891
350 3008
4653 2293
4015 3544
4819 1344
3613 2130
462 2932
2890 3695
1357 4014
1129 3298
2370 2408
1619 3254
858 3791
815 2000
4172 1320
2725 4769
3138 2302
1782 28
1342 2291
2085 3654
2814 1034
2436 1673
4616 2752
3345 3086
586 3155
3793 3261
2780 2967
2555 1187
4275 3606
2730 2406
4946 1332
4127 3898
1842 2280
615 3278
3585 3455
4268 1998
4146 4432
1966 3076
2744 4239
569 180
1639 4204
3398 4933
3654 3025
